0 1 0.53489679375 0.8911773953125 0.06533927187500001 0.9037160625 0.05043760625 0.9005706171875 0.0376857734375 0.8825709937499999 0.0403737421875 0.8776276390625 0.025536356249999996 0.8616963859375 0.0250728046875 0.8499783796875 0.04419499375 0.2671246 0.12822400625000002 0.0270023890625 0.168680628125 0.010573434375 0.152577784375 0.0026850109375 0.1538241890625 0.0035932828125 0.2058590390625 0.0058465265625 0.2057089859375 0.17791895468750002 0.9836746109375 0.1602666265625 0.98722045625 0.1541197734375 1 0.2439379984375 1 1 0.8407251062500001 1 0.53489679375
0 1 0.7027117109375001 0.8558034859375001 0.0698615671875 0.48223578749999996 0.12810991562500001 0.4806743359375 0.1139953859375 0.429658003125 0.1221693734375 0.4311887890625 0.134538440625 0.033694153125 0.1957291046875 0.208624525 0.97750674375 0.5734646531250001 0.9042208374999999 0.5781071515625 0.9135890953124999 0.6836067906250001 0.8914173906249999 0.678320471875 0.8809609421875001 1 0.8147081203125 1 0.7027117109375001
1 0.5958997328125 0.4994594125 0.538131340625 0.5082685359375 0.5310189000000001 0.46874324375 0.50560696875 0.47300060781250003 0.512618128125 0.51185534375 0.453174040625 0.52221785 0.457831190625 0.538044984375 0.5145394624999999 0.5284639359375001 0.5219381671875001 0.5683888109375 0.5472965249999999 0.5635219796875 0.5391348125000001 0.5233774437500001 0.598603903125 0.5150021296875 0.5958997328125 0.4994594125
2 0.5692519752399384 0.5373926322242312 0.06655230032431163 0.05503449247815269
5 0.5000990060857846 0.28863087179938995 0.147794392044481 0.1464156619159093
6 0.4526222138791479 0.1185851447606435 0.08204093262955983 0.04767663354437941
3 0.6310890965848428 0.9038503580093364 0.15734094155801354 0.06704641066226813
7 0.07626999391092004 0.20914533095795465 0.03645569724005644 0.0307331744523216
7 0.21755528733537277 0.3405353864473733 0.03799092370110611 0.029216138558944317
7 0.30660987905554216 0.4321438764182434 0.03958069724005649 0.03082410266556703
7 0.22053342613014754 0.9137682979675713 0.039607970779006775 0.03238660266556721
7 0.35956292410155266 0.8264538175636126 0.04270569724005648 0.030915030878812644
7 0.94752302556425 0.6014972139736087 0.04119774431795733 0.03399456677218975
7 0.5793712690714281 0.49083588097058994 0.039580697240056396 0.03082410266556703
7 0.4694604809219813 0.5016931614536909 0.039580697240056396 0.03082410266556703
7 0.5030366400125909 0.5463979076927672 0.036455697240056394 0.0307331744523216
7 0.6061480032431156 0.5486172887298641 0.036428423701106105 0.029170674452321778
4 0.848596376212873 0.7048147790964457 0.03799092370110628 0.029216138558944317
4 0.34907761728441933 0.6731014970304992 0.039580697240056396 0.03082410266556703