0 0.8069725875 1 0.8098313765625 0.9854300281249999 0.7980021546875 0.9733678359375 0.9385104515625 0.2246661921875 0.9585196953124999 0.202494721875 0.9596921921874999 0.1872562734375 0.9420990984375001 0.18602982968749998 0.946086134375 0.1629377953125 0.9373417484375001 0.1594239921875 0.9188836921875 0.178652065625 0.4893861390625 0.0737694546875 0.25191214375 0.012605865625 0.24635046562500001 0.001433225 0.22871993906250002 0.001330653125 0.22704230781249998 0.007483603125 0.20894114687499998 0.0070949375 0.20656219375 0.019493660937499997 0.218905084375 0.0381604328125 0.174491528125 0.2071701 0.11365877656250001 0.45481102812499996 0.03495610625 0.775992446875 0.0271902328125 0.7786263953125 0.02795450625 0.8005123296875001 0.0298733515625 0.8009206078125001 0.028207584375 0.8077595171875 0.029023931250000003 0.831136659375 0.031733840624999995 0.8322195406249999 0.0571067609375 0.8135096531249999 0.225274053125 0.85285013125 0.551185078125 0.9367690906249999 0.7646005046875 0.995835840625 0.7637834515625 1 0.8069725875 1
0 0.695086003125 0.16121775625 0.2420005109375 0.0438861 0.1601621890625 0.37850705156250003 0.148547015625 0.373325859375 0.13651373125 0.42081669218749995 0.1466025921875 0.4258561140625 0.0603593234375 0.7824882984375 0.3231018296875 0.84696535 0.7719836859375 0.9656391453125 0.8345601671875 0.6305171281249999 0.8435346218750001 0.632426878125 0.86352288125 0.5318025875 0.8533845015624999 0.5311623937500001 0.916178884375 0.21317151875 0.695086003125 0.16121775625
1 0.50905418125 0.4974045921875 0.5207788546875001 0.44416928593750005 0.506776125 0.4402627 0.49505127499999996 0.49273828125 0.45997262968749997 0.48212378281249996 0.45443022343750006 0.504552940625 0.4887798984375 0.51566100625 0.4766731984375 0.5663600515625 0.49271911093750004 0.573299625 0.5039257734375 0.5216658484375001 0.5397504171875 0.531871871875 0.54537606875 0.5075118375 0.50905418125 0.4974045921875
7 0.7151413942797028 0.19162247784260664 0.029270837748947898 0.032976126463433085
7 0.6948413733979464 0.7734173785065366 0.02937996515360979 0.03610112646343318
7 0.7205283980775358 0.9274418031745716 0.02937996515360979 0.03610112646343318
7 0.3516593138719669 0.6534760205862595 0.027708337748947896 0.032967036104353656
7 0.24356656087674197 0.6895584454506862 0.029379965153609612 0.03610112646343318
7 0.08413948637463795 0.7542425932859459 0.02765377404661711 0.031404536104353474
7 0.4658631684111378 0.5463498426967707 0.026200401451278842 0.03452044574527378
7 0.5140278498994835 0.5388191438282388 0.02609127404661713 0.031395445745273955
7 0.5503894466341062 0.46170265280522926 0.02609127404661713 0.031395445745273955
4 0.42584825970346485 0.3399089451560987 0.027708337748947896 0.032967036104353475
4 0.1003101233979465 0.769958496876742 0.027762901451278844 0.03452953610435365
6 0.14284727594553365 0.39996870462406847 0.04318949400955026 0.07367384933607006
7 0.4945114688666248 0.44966119505790286 0.02609127404661713 0.031395445745273774
5 0.4540129544386545 0.4306793909013725 0.129528787293461 0.13041472872636942
2 0.5304861744015876 0.4733032281371942 0.049166675497895974 0.06589771077238851
3 0.8560987880112514 0.5822070921075955 0.05431053248413775 0.1237283914905479