0 0.96302339375 0.9322975453125 0.9931946640625 0.9322312187499999 0.993713278125 0.9226894437500001 0.9663653515625 0.9018096265625 0.9485761343749999 0.723038428125 0.921782509375 0.3746790390625 0.9083547015625 0.14554664374999998 0.9223845109375001 0.1448895953125 0.9230754640625 0.14293638125000002 0.9329233265625 0.142385571875 0.9315628281249999 0.1186233296875 0.9063688015625001 0.11741981875 0.9063373390624999 0.10153902968749999 0.8825674484375 0.10265222656249999 0.8745169484374999 0.1175252859375 0.0774996421875 0.16138174375 0.048510635937500005 0.14674939843749998 0.032862312500000004 0.1493381171875 0.0376147359375 0.1673262625 0.01315033125 0.16902735625 0.0126060703125 0.17868609687499998 0.038122245312500004 0.1924868390625 0.07914501406249999 0.6501562921875 0.098651771875 0.903991246875 0.0782190015625 0.9223617203125001 0.077727453125 0.9296616984374999 0.10197879531250001 0.930257271875 0.10774231249999999 0.948549021875 0.1209588609375 0.9478751093750001 0.1354442703125 0.930852875 0.3196757359375 0.9337147625 0.5881778234375 0.933641896875 0.9363490656250001 0.9333511390625 0.9501024015624999 0.9520050484375 0.9652626328125 0.9509543640624999 0.96302339375 0.9322975453125
0 0.096742375 0.421763090625 0.13332421249999998 0.9062213453125001 0.49601078593750003 0.9057600140625001 0.49477365781250005 0.91871675 0.546389909375 0.9190718984374999 0.54800394375 0.9076844921875 0.9342153625 0.9062093609374999 0.909435925 0.626154803125 0.8756260140625001 0.14559031875 0.51898498125 0.165537925 0.5178457937500001 0.1560444796875 0.410352653125 0.16082878125 0.4131579546875 0.1711783640625 0.0735867640625 0.1866716734375 0.096742375 0.421763090625
1 0.4964107125 0.5256520796874999 0.43915060468749995 0.5270273328124999 0.440000546875 0.5420689734375 0.4965004265625 0.54088171875 0.49780102968750006 0.5787676734375 0.5221307265624999 0.5787939484375 0.5215718296875 0.54151875 0.5764236375 0.5411545453125 0.5779144734375 0.5233092234375001 0.5224331578125 0.524809253125 0.5204702125 0.48627439375000003 0.49417990625 0.4866418 0.4964107125 0.5256520796874999
7 0.11962059094825479 0.3945984104104042 0.032957945745273866 0.026911110495108838
7 0.709605762394836 0.27031364406069136 0.032957945745273776 0.026911110495108838
7 0.8553409640920382 0.20612088339617327 0.032957945745273776 0.026911110495108838
7 0.705857031036188 0.6460038887990195 0.032957945745273776 0.026911110495108838
7 0.7795258143118711 0.7448578887284323 0.032957945745273776 0.026911110495108838
7 0.8974758627128647 0.8892742886154927 0.031395445745273774 0.02682010523343692
7 0.5602314345287882 0.5570261468327016 0.03293976502711473 0.023786110495108835
7 0.5362717597625574 0.5110843152767879 0.031386355386194255 0.025257605233436918
7 0.44650527781473415 0.4925702627306566 0.029823855386194253 0.02516659997176518
4 0.3674485160090733 0.6481762496470641 0.032957945745273866 0.026911110495108838
4 0.9077548325604395 0.8687720728163597 0.032957945745273776 0.026911110495108657
6 0.5229616760427771 0.918259778445085 0.07520907825883114 0.04030575256024882
7 0.45397234416970866 0.5524002890390158 0.02981476502711473 0.02360409997176518
5 0.44823997375639973 0.5973942706231643 0.1256999576491305 0.12759292093374802
2 0.4643831242239379 0.5092418232398829 0.06587043969514958 0.046009720990217676
3 0.46331254537593153 0.15593481271653917 0.12678066861791085 0.04487142619541977