0 0.1106308640625 0 0.1106164578125 0.0207543265625 0.09265145 0.0203025390625 0.093467021875 0.03589655625 0.1049768359375 0.0477880296875 0.1094143640625 0.048117125 0.115690475 0.8743822046874999 0.1062453390625 0.8764198999999999 0.097728453125 0.8991986078125 0.0977284515625 0.9092096937499999 0.1177932078125 0.9103563109374999 0.117651434375 0.934333696875 0.1283038875 0.936961246875 0.1406725515625 0.9135129187500001 0.8722914546875 0.9495436843749999 0.888988703125 0.9722565234375 0.89628708125 0.974662065625 0.8976406515625 0.9480793593750001 0.9150639328124999 0.9472600421875 0.91759348125 0.9337805937500001 0.90028063125 0.9160104703125 0.9325969015625001 0.3382907953125 0.9403691046875 0.098709390625 0.9588109203125 0.08740577656250001 0.9594959125000001 0.0712994453125 0.9396005390625 0.07198004375 0.941254071875 0.0410205390625 0.9328580640625 0.0407278796875 0.9102003375000001 0.061762575 0.9092937296875 0.06857795625 0.1378530875 0.0226748734375 0.1378818421875 0.00490814375 0.13210425312500002 0 0.1106308640625 0
0 0.9050412546875 0.5454946359374999 0.9070925015625001 0.4947068359375 0.8950588703125 0.49282943437500004 0.9134111453125 0.0977887234375 0.13780307187500002 0.05357944218750001 0.1372087875 0.42078404062499997 0.1274248875 0.42267911874999997 0.12818300625 0.52912669375 0.139123484375 0.5269119156250001 0.1402308140625 0.8756837109375001 0.8748008546875001 0.914637084375 0.8913451374999999 0.5431757921875 0.9050412546875 0.5454946359374999
1 0.5052623734374999 0.49078177343749996 0.5017769703125 0.5496735734375 0.517048271875 0.5512892828125 0.5197949578125 0.49390011562499997 0.558675365625 0.497784415625 0.5595207875 0.47243622343749997 0.5212962703125 0.46863628124999995 0.5228908546875 0.40923246874999997 0.5069741078125001 0.4093999234375 0.5051638765625001 0.4659876609375 0.4658491921875 0.46226823125000005 0.46559250781249994 0.48772974375 0.5052623734374999 0.49078177343749996
2 0.4860259469684669 0.5154327163180752 0.0467798247398008 0.058576159090609536
5 0.7355722455889859 0.517332586855496 0.12842597241038015 0.1271273360381265
6 0.9052672698992454 0.5174984078793841 0.033699970601357876 0.0770806972400564
3 0.12657902589213918 0.47557096996822795 0.04231805404758591 0.15216251785690743
7 0.8921952233148913 0.13378192695410757 0.025157130257724702 0.033221603084255105
7 0.7402819205105008 0.23417916761861673 0.025157130257724702 0.03322160308425506
7 0.6363214388278665 0.29464115503671506 0.025320904567984213 0.03634660308425506
7 0.19508784995457149 0.08182887824805851 0.025320904567984304 0.0363466030842551
7 0.25175500904511156 0.238014648540598 0.02540279172311406 0.03790910308425506
7 0.3523148467867528 0.8587032495962582 0.028445904567984303 0.03640115016215582
7 0.5286195607178483 0.5373662175358912 0.023676517412854637 0.03475682954530477
7 0.5394574841690252 0.4308298453769126 0.025239017412854635 0.03478410308425524
7 0.49122138003058213 0.45043896185384835 0.025157130257724702 0.03322160308425506
7 0.4681733836486268 0.5478048855549545 0.025157130257724702 0.03322160308425524
4 0.2732304551090673 0.737315219157449 0.025157130257724793 0.03322160308425524
4 0.39960933288040124 0.2690583226487412 0.025239017412854548 0.03478410308425506