7 0.4621415581199157 0.6174916576927673 0.0356851944820761 0.02600021034569906
7 0.365034184759596 0.6788263112954064 0.03732958163720586 0.0276081744523216
7 0.3201576967453835 0.7886272086298393 0.034204581637205855 0.027517246239076344
7 0.3691694860936484 0.5999200612954063 0.034204581637205765 0.027517246239076344
7 0.2785466446183616 0.23892507383181866 0.03247830732694634 0.024346782132453625
7 0.42072417853955957 0.19846286137454866 0.034122694482076096 0.025954746239076298
7 0.7209598739261468 0.1579050236861694 0.03247830732694616 0.024346782132453625
7 0.7485902289691009 0.15323189555206634 0.034122694482076096 0.025954746239076298
7 0.7510534876755282 0.136089859658689 0.030752033016686654 0.021176318025830955
7 0.24371362618945422 0.9483682699917526 0.034204581637205855 0.027517246239076344
2 0.4984375842391976 0.5669066359851549 0.06503850180902226 0.05025606426490725
4 0.6230579624607575 0.15975101702225183 0.034122694482076096 0.025954746239076298
6 0.6281572252395146 0.8985240120076871 0.07408595318850324 0.04427884890464355
3 0.4849028652197195 0.1682501756394559 0.12112472749876275 0.04876777210332377
0 0.229173165625 1 0.23032927343749998 0.997226659375 0.7511356250000001 0.8863903687500001 0.9575027984375 0.8399919359375 0.9754132578125001 0.49824002187499994 0.9013320625000001 0.1053817953125 0.9165318734375001 0.0994607015625 0.9133059453125 0.07919280468749999 0.8968741 0.081767878125 0.8932687187499999 0.0656394203125 0.8838538296875 0.06380925 0.8581416890625 0.0796377921875 0.8594391281249999 0.0877893578125 0.08915375 0.22632155781250002 0.0763077484375 0.21254502187500002 0.0546437078125 0.21619258125 0.0567812484375 0.23503007343750001 0.030673115625000004 0.238205546875 0.030312182812499998 0.2473419953125 0.04407518125 0.25933643906250003 0.0606903640625 0.2563819671875 0.19548508281250002 0.9757298671875001 0.1884209375 0.977011575 0.174833725 0.997534234375 0.17569969531250001 1 0.229173165625 1
0 0.9679110671875 0.6413903359375001 0.8638299515625001 0.11282965781250001 0.5342625562500001 0.17138136406249999 0.5327711515625 0.1635307828125 0.43427775625000004 0.182476721875 0.4322498046875 0.190312196875 0.07287559375 0.2542152203125 0.0917520328125 0.2512710640625 0.22773952656250002 0.973213828125 0.5967700687499999 0.8941530406249999 0.5995823203125 0.9031832234375001 0.652659146875 0.8927036640624999 0.6475798140625 0.8813062515625001 0.9589116843750001 0.813108803125 0.9679110671875 0.6413903359375001
1 0.4599899515625 0.5551689953125 0.5153198921875 0.541205215625 0.5248358765625001 0.577369540625 0.5495524781250001 0.5726798765625001 0.5418510109375 0.536963490625 0.5939348843750001 0.5252766140625 0.5909199890625 0.5084155328125 0.53625335625 0.5212759546875 0.526483028125 0.48400648437499993 0.502945734375 0.48875375156249995 0.5127465812499999 0.5265572171875 0.45902853437499996 0.537895609375 0.4599899515625 0.5551689953125
5 0.5872909650627494 0.7377168926490725 0.13969102103089917 0.1351144490629279