7 0.48781308741524887 0.3904206923325033 0.03539367193911023 0.026000210345698972
7 0.5849865177573161 0.3283275207831755 0.038646005931498986 0.029216138558944317
7 0.6309767914833123 0.2170323196086766 0.03395850593149898 0.029079746239076342
7 0.5825207509514021 0.40803775283648686 0.03389483893530461 0.027517246239076344
7 0.6786556743362061 0.7745469544066973 0.03220500494291585 0.024346782132453625
7 0.5345899979484715 0.8165034707040333 0.03389483893530461 0.027517246239076344
7 0.2310219875683482 0.8569476481258558 0.032268671939110226 0.025909282132453627
7 0.20264231958357065 0.8623792942066476 0.03383117193911023 0.025954746239076343
7 0.2003476491273352 0.8803025801000249 0.03214133794672147 0.022784282132453627
7 0.7056624095818206 0.05416625824676321 0.03389483893530461 0.0275172462390763
2 0.4520864930427367 0.44178696404011564 0.06609984387822046 0.051864028371529966
4 0.3304317385569314 0.855147118896396 0.03389483893530469 0.027517246239076344
6 0.3164288132321421 0.10463264185764962 0.07515650889724856 0.044324313011266006
3 0.47003540802458377 0.8459121743858147 0.12215884288963733 0.048813236209946355
0 0 0.6689168249999999 0.048392410937500005 0.9107241374999999 0.0392553796875 0.9143023203125 0.0430139484375 0.9363139609375001 0.0531987375 0.934714596875 0.05705040625 0.9511003078125 0.066627384375 0.9529608187499999 0.0925335140625 0.9368835484375 0.091119415625 0.928602028125 0.87122425 0.787962596875 0.8844260953124999 0.80196011875 0.906369275 0.7982572515624999 0.9039749640625001 0.7791195625 0.9304340671875 0.775896865625 0.93069128125 0.766614996875 0.9165800562499999 0.754427821875 0.8997526671875 0.7574272109375 0.7543607078125001 0.02660885 0.7615147703125 0.025307639062499998 0.7635232140625 0.02221625625 0.6521619171874999 0.018975973437499998 0.1915003625 0.11729978125 0 0.1604893234375 0 0.6689168249999999
0 0 0.488873334375 0.08636419375 0.903162484375 0.42014144218749994 0.8437206515625 0.421748803125 0.851696415625 0.5214830609375001 0.8324614125 0.52344765625 0.82450144375 0.8874118062499999 0.7596269 0.8682893500000001 0.76261551875 0.72165586875 0.029160828125 0.3480725453125 0.109433240625 0.34511058125 0.10025892031250001 0.2913682890625 0.11089855156249999 0.296659375 0.122478078125 0 0.1876578578125 0 0.488873334375
1 0.4909377109375 0.45383196249999996 0.43495035 0.4680109984375 0.4248607984375 0.4312696625 0.39983203437500003 0.436030834375 0.4080746921875 0.47231686875 0.3553545609375 0.484183165625 0.358615696875 0.5013130875 0.4139430421875 0.4882548921875 0.4243039234375 0.5261190046875 0.44813512656250004 0.5212991609375 0.437736896875 0.48289254843749996 0.49211970000000005 0.4713804921875 0.4909377109375 0.45383196249999996
5 0.3598074456279254 0.26858749326957543 0.13985036167271775 0.13828491316955063