0 0.8601145828125001 0.8972583328124999 0.8542736109375 0.1276510421875 0.8630638890625001 0.1254458328125 0.870990278125 0.103946875 0.870990278125 0.0946197921875 0.8523166671875 0.094203125 0.8524486109374999 0.071859375 0.842534721875 0.0697572921875 0.8310236109375 0.0920052078125 0.1501298609375 0.08219583281250001 0.134590278125 0.061577082812499996 0.1277979171875 0.0595729171875 0.12653819375 0.0843833328125 0.11032291718750001 0.0857125 0.10796874999999999 0.098353125 0.12408125 0.114346875 0.09400555625 0.65364375 0.086772221875 0.8771083328125 0.069609028125 0.8882385421875 0.068971528125 0.9032666671875 0.0874875 0.9019864578125001 0.0859486109375 0.930884375 0.0937625 0.930884375 0.11484930625 0.9105510421874999 0.11569305625 0.904171875 0.83364759375 0.9218858187500001 0.8336208328125 0.9384395828125 0.85208125 0.9534947921875 0.8589770828125 0.949834375 0.8589958328125 0.922790625 0.8757152781249999 0.9226281249999999 0.87495625 0.9081260421874999 0.86424444375 0.8974208328125 0.8601145828125001 0.8972583328124999
0 0.8336941421875 0.893091159375 0.834247221875 0.55095625 0.843352778125 0.5488729171875 0.842647221875 0.4497229171875 0.832465278125 0.45214166718750004 0.8314347218749999 0.1272354171875 0.14779444375 0.1147989578125 0.132397221875 0.4614177078125 0.11965069375 0.4597020828125 0.11774166718750001 0.5070864578125 0.128940971875 0.5084447921875 0.1118611109375 0.8770906249999999 0.8336941421875 0.893091159375
1 0.4420020828125 0.49290416718749996 0.44121527812499994 0.5165479171875 0.4767895828125 0.518846875 0.47530555625000004 0.57424375 0.49011875 0.5735708328125 0.49180347187500006 0.520790625 0.5283923609375 0.5229791671874999 0.52863125 0.4992489578125 0.49171180625 0.49769375 0.49495555625 0.4427125 0.48074305624999997 0.441703125 0.47818680625 0.49526041718749997 0.4420020828125 0.49290416718749996
2 0.509375 0.4734375 0.03671875 0.053125
5 0.27734375 0.48046875 0.10703125 0.11015625
6 0.11953125 0.4859375 0.025 0.06953125
3 0.84453125 0.49921875 0.025 0.13984375
7 0.13125 0.8421875 0.02109375 0.02890625
7 0.27265625 0.74453125 0.02109375 0.0296875
7 0.36953125 0.68515625 0.0203125 0.03125
7 0.7796875 0.86875 0.02109375 0.03203125
7 0.72734375 0.725 0.0203125 0.0328125
7 0.63359375 0.15 0.02265625 0.0328125
7 0.46953125 0.4546875 0.01875 0.03046875
7 0.459375 0.5546875 0.01953125 0.03046875
7 0.50546875 0.53515625 0.02109375 0.0296875
7 0.5265625 0.44296875 0.01953125 0.02890625
4 0.7078125 0.2609375 0.0203125 0.0296875
4 0.590625 0.70078125 0.0203125 0.03046875