5 0.19369020352718758 0.26823289129415606 0.19544969810012067 0.12297493344863372
4 0.1362428736990041 0.28976700282867035 0.034286468792335524 0.02831589754067192
4 0.2489308972162941 0.9199181111417308 0.034204581637205765 0.026753397540672096
0 1 0.6762357484375 0.8322653000000001 0.07248921875 0.84885430625 0.06131533125000001 0.8446518218750001 0.0454351515625 0.8228272109375 0.04898145625 0.8149668078125 0.0327584546875 0.7887698953125 0.03823538125 0.7869510296875 0.0520628 0.0201655953125 0.20960019531250002 0.01053815625 0.20108000625 0.015943884375 0.30422743125 0.1957818515625 0.92978459375 0.20311302343749998 0.9650773734375001 0.1821418125 0.990325853125 0.1847019515625 1 0.193046934375 1 0.214971115625 0.99580114375 0.21490733906249998 1 0.23973438749999998 1 0.2426402078125 0.9898276390625 0.9904990437500001 0.7934580953125 1 0.79818753125 1 0.6762357484375
0 0.6455711546875 0.8546599421875 0.9888142562500001 0.7673202609375 0.7930079250000001 0.0795624359375 0.467391984375 0.1456614390625 0.4656173359375 0.13787295625 0.3692692921875 0.15681165156250002 0.3721060046875 0.1665355 0.029113387499999997 0.23652908125 0.23692133750000002 0.9626016015625 0.5956442296875 0.870667775 0.6029087796875 0.8776090828124999 0.652137478125 0.86629155625 0.6455711546875 0.8546599421875
1 0.439421196875 0.5154678374999999 0.4355414125 0.5143695875 0.4405696296875 0.5332206984375001 0.496157315625 0.5195993999999999 0.5064949828125 0.5555481437500001 0.535182990625 0.5493934515625 0.5208368796875 0.5118810171875 0.5744860984375 0.50055290625 0.5688535734375 0.48577647187500006 0.5171534796875 0.49723236562500006 0.5040684718749999 0.46025068124999996 0.47832865468749997 0.46728896875 0.49030864531249996 0.5032845265625 0.439421196875 0.5154678374999999
7 0.470284760288307 0.4939924571581512 0.03247830732694616 0.023619307181592396
7 0.564976462572299 0.5125066287029283 0.03247830732694616 0.02361930718159222
7 0.5518313314100631 0.4554162913689108 0.0356851944820761 0.02519998789975162
7 0.36120076661988504 0.6628373850476401 0.03568519448207601 0.02519998789975162
7 0.3263488110565326 0.7727572857115701 0.035767081637205766 0.02676248789975162
7 0.2322823077771722 0.9002959575509347 0.034204581637205765 0.026753397540672096
7 0.2661969623451565 0.9364198099120667 0.0325601944820761 0.025181807181592575
7 0.466655149252459 0.5439560957218328 0.034122694482076096 0.02519089754067192
7 0.8240328007682255 0.28439630600324195 0.0356851944820761 0.02519998789975162
2 0.5404368080043149 0.47643731849627385 0.06956222749876276 0.04570338544042354
6 0.625998008252142 0.872127068398078 0.08049972749876275 0.04576701795398108
3 0.42295390038411285 0.14226178551517832 0.13551477611928178 0.05233518052176751