0 0.13826369375 0.0707519859375 0.1377776828125 0.054702315625 0.1189134546875 0.04119584375 0.112223015625 0.0437456765625 0.11326656093750001 0.0712739453125 0.096982109375 0.07171708593750001 0.0968245875 0.08706585 0.11053829687500001 0.0971608046875 0.136849621875 0.9080775125 0.120912103125 0.9298688140625 0.1211252984375 0.9395097671875 0.139525421875 0.944522015625 0.1415157 0.9712521781250001 0.155375765625 0.9674610375 0.1647083328125 0.9465694421874999 0.8793268765625 0.9647600390625 0.896070740625 0.9918197515625 0.9028507093749999 0.991585596875 0.9041285 0.965416871875 0.9250495296875 0.9611003203124999 0.9056013671875001 0.9289933296875 0.9193509015625001 0.509383609375 0.9272151640624999 0.13206728437499998 0.9439015046874999 0.11892133593750001 0.9413785546875 0.10343623125000001 0.92500479375 0.10013155781250001 0.924641403125 0.0689246578125 0.915340028125 0.06812431249999999 0.8954320828125001 0.0923285203125 0.89573260625 0.098518246875 0.13826369375 0.0707519859375
0 0.8915861921875001 0.515549659375 0.8984405640625001 0.12863675000000002 0.1392857109375 0.10450219375 0.150161440625 0.463653190625 0.13866159375 0.4636133765625 0.1433164859375 0.569616303125 0.152816590625 0.5699711468750001 0.16237657187500001 0.9115742265625 0.8792558921875001 0.9292086703125 0.8881539640625 0.565714453125 0.9013814281249999 0.571690178125 0.90166880625 0.51604815 0.8915861921875001 0.515549659375
1 0.4695933 0.497820734375 0.47024328125 0.5214246515625 0.5091929890625 0.5259164421875 0.5085180296875 0.5813700093749999 0.5233120437500001 0.582185075 0.5236892203125 0.526269271875 0.56233600625 0.5308298 0.5623113890625 0.5049196265625 0.5229749546875 0.5006521671875 0.52597383125 0.443472728125 0.509930078125 0.4454011765625 0.5085097000000001 0.501694609375 0.4695933 0.497820734375
5 0.23764107192873057 0.5363528387085138 0.09880222135581711 0.17013702564056316
7 0.36722583788196 0.8871063176160646 0.02699885200509069 0.0387371683207995
7 0.47405982992523066 0.5731594416850511 0.022202264003817973 0.029143844499482086
7 0.5335166459261853 0.5688936267550737 0.020676126670909057 0.03219606989237604
7 0.49387343793763916 0.48262648697032146 0.023764764003817974 0.029216619106587773
7 0.54098479527373 0.4644972251834972 0.023801126670909056 0.03234161910658777
7 0.63246486529282 0.3280567650920839 0.02380112667090888 0.03234161910658786
7 0.7340370033020469 0.26478197725041175 0.02380112667090888 0.03234161910658786
7 0.8363273039863188 0.13978843940873958 0.023801126670908702 0.03234161910658786
7 0.879023333983137 0.16522724110415066 0.023801126670908702 0.03234161910658786
3 0.140947885264185 0.5162158130679506 0.032759050684271915 0.13114299214211728
6 0.900422882598685 0.5429905221213973 0.03208634134309065 0.07333049214211726
4 0.6285104252466859 0.667900515092084 0.022202264003817973 0.029143844499482086
4 0.8596466253182735 0.1510363085153274 0.022220445337363514 0.030706344499481997