5 0.2076081265913671 0.5497051400082638 0.12249426002545336 0.19030030452090294
2 0.456836514600594 0.47595394301055516 0.04613066000954511 0.07136716014423605
7 0.8784906018857781 0.8207312744138534 0.026962489337999784 0.03499324905006951
7 0.9163451378899141 0.7893897022255201 0.026962489337999784 0.03499324905006951
7 0.7516110232336409 0.7166821668906591 0.026962489337999784 0.03499324905006951
7 0.6396382819064589 0.6739881334556592 0.026962489337999784 0.03499324905006951
7 0.5230604039226854 0.5572026365897912 0.02538180800445424 0.033394381458888844
7 0.47239733259073075 0.5482283333031593 0.02538180800445424 0.033394381458888844
7 0.4953541219366847 0.45475043702663154 0.023837489337999784 0.03492051386770836
7 0.4351160559357302 0.463181839287083 0.02380112667090888 0.03179551386770818
7 0.2713648279758193 0.17176067154340252 0.025399989337999786 0.034956881458888936
4 0.5716631779519568 0.3405047926499648 0.025399989337999786 0.034956881458888846
4 0.8997570745544596 0.8053965619329159 0.0253636266709087 0.0318318814588892
1 0.5103370875000001 0.5813145921875 0.49806915937499996 0.5233975109375 0.53613154375 0.51270030625 0.5308513593749999 0.488205609375 0.4933733109375 0.49883236406250003 0.4824361375 0.44415561718749996 0.46740297656249996 0.44796932500000003 0.477719628125 0.5031921640625 0.44145399531249996 0.512517275 0.445740165625 0.5387038078125 0.48228119375 0.5260829015625 0.494270484375 0.583132065625 0.5103370875000001 0.5813145921875
0 0.7692449953125 0 0.76916268125 0.00021238125 0.05610015 0.1521004 0.0388360875 0.1321836984375 0.0268882734375 0.134905425 0.030167109375 0.157583240625 0.01314161875 0.1614139046875 0.015364181250000001 0.1748538734375 0.035579040625 0.1953841375 0.16080663281250002 0.9956727609374999 0.16058435625 0.995991525 0.3220337796875 0.9922337484374999 0.678221703125 0.9092891046875 0.9443236031250001 0.8552153390624999 0.9678065578125 0.87579503125 0.9795713312500001 0.8723477187500001 0.974505603125 0.843076653125 0.9899584562499999 0.839692953125 0.9901366749999999 0.8243768546875 0.9899043484375 0.8230997453125 0.9698413 0.812043521875 0.797729196875 0.030380865624999996 0.8118538093750001 0.009167284375 0.81101275625 0 0.7692449953125 0
0 0.8473061 0.39177431875 0.7735412 0.0336569359375 0.0606355578125 0.19204488749999998 0.11536530781250001 0.5293308953125 0.1044932890625 0.5261801390625 0.12209608593750002 0.6305918296875 0.13093789375 0.630384946875 0.18916271875 0.9874489656250001 0.941544340625 0.818464553125 0.8606528375 0.443133596875 0.8764813859375 0.43841957656249997 0.8622310671875001 0.38261758281249997 0.8473061 0.39177431875
6 0.8660757019414571 0.4109750679168395 0.04324201734563573 0.09160692496187509
3 0.11117802192077637 0.580847996865868 0.051727226686817264 0.14960126291777787