5 0.16764536094166682 0.19225099914207017 0.19636846656500007 0.11813754922121245
4 0.10398290444465294 0.20757447077054025 0.033394381458888935 0.025954746239076253
4 0.13299313763024379 0.8837421656768332 0.033394381458888935 0.025954746239076343
0 1 0.8342739171875 0.9779201390625 0.8187040609375 0.8731945640625 0.07413525 0.892394265625 0.0646693875 0.8901880999999999 0.0474321 0.8665131703125001 0.048180246875 0.86047208125 0.03008484375 0.831880846875 0.0322633140625 0.8279857140625 0.0465260796875 0.0024807328125 0.10658241406249999 0.01053339375 0.4525575234375 0.07566943125 0.8870714812499999 0.078439971875 0.9251067015625001 0.0648883296875 0.937498440625 0.0677793703125 0.9600867937500001 0.086665728125 0.9589639218749999 0.084671159375 0.97217146875 0.1065346859375 0.9799633828125 0.11689050625 0.9564649125000001 0.9387853359375 0.8522814000000001 0.953788178125 0.8622523171875001 0.9773892796875 0.8697841984375 0.9843796703125 0.847376434375 1 0.8393894953125001 1 0.8342739171875
0 0.114685953125 0.92711463125 0.5086006984375 0.8795109234374999 0.5153275390625 0.8877848859374999 0.569201240625 0.8826150937499999 0.56388191875 0.869514228125 0.9407092031250001 0.824622684375 0.8305102874999999 0.07620952656249999 0.4754147984375 0.10121250156249999 0.4746369265625 0.0927974515625 0.36965405156250003 0.0995454328125 0.3712846234375 0.1101361609375 0.003175465625 0.1364309796875 0.004298675 0.1846886109375 0.114685953125 0.92711463125
1 0.39319100625000003 0.485478546875 0.38922782968749997 0.483797459375 0.3918886890625 0.50426495625 0.4528409625 0.497543915625 0.45871032968750003 0.5366771124999999 0.49004262968749995 0.5341267796875 0.48013960000000006 0.49280653125 0.538708075 0.48822787968750003 0.5348268593750001 0.47195404375 0.4783096171875 0.4769323359375 0.46967011718749996 0.43634087031249996 0.44134240937499997 0.440220115625 0.4489487828125 0.4796261859375 0.39319100625000003 0.485478546875
7 0.42935115282913233 0.4676531305748785 0.03183188145888884 0.025909282132453627
7 0.5261177032659726 0.49935542313217346 0.03179551386770836 0.024346782132453625
7 0.5215561834143406 0.43754574491892806 0.03332164627652787 0.022829746239076344
7 0.28945611749427136 0.6290954327655919 0.033358013867708355 0.02439224623907634
7 0.23582458405927148 0.7399587249271754 0.03651938145888885 0.026045674452321775
7 0.11918455755812571 0.8606994707705402 0.03183188145888893 0.025909282132453627
7 0.14907273252000075 0.9037280567430599 0.033394381458888935 0.025954746239076343
7 0.41727003333809065 0.5188291856685858 0.033358013867708355 0.02439224623907634
7 0.834452960865417 0.295970976510021 0.03492051386770854 0.02443771034569897
2 0.5056408958952782 0.45816212179938987 0.06969555737069441 0.042625420691398117
6 0.5405510644919799 0.8846707975053528 0.08219555737069442 0.0429891335443795
3 0.42841724715020846 0.09209920110799194 0.13997168977951394 0.043108805489418645