5 0.740625 0.7573848425375388 0.10625 0.18466710064862327
4 0.72421875 0.8240774646965174 0.0265625 0.03640115016215582
4 0.0796875 0.8329840495135326 0.025 0.03168637662320535
7 0.10078125 0.8443346067377032 0.025 0.033248876623205345
7 0.0609375 0.8184675819809367 0.025 0.03012387662320535
7 0.21796875 0.7251015913164276 0.025 0.033248876623205345
7 0.32578125 0.6693134671288542 0.0234375 0.03322160308425524
7 0.43125 0.5393475032497062 0.021875 0.03163182954530477
7 0.4796875 0.5252207735422456 0.025 0.03168637662320535
7 0.45078125 0.4351003340128269 0.0234375 0.031659103084255055
7 0.51015625 0.43562643953271396 0.0234375 0.031659103084255236
7 0.65 0.12927920779665858 0.0234375 0.0347841030842551
2 0.49140625 0.45314122200011814 0.0390625 0.06786933847375849
6 0.08046875 0.4400016627440575 0.0328125 0.06932274431795715
3 0.83984375 0.5087779728141923 0.0359375 0.1334397913958579
0 0.12915429218750002 0 0.124934603125 0.0222669234375 0.11019310468750002 0.0217496125 0.10676239843749999 0.033576053125 0.120805303125 0.05391546093750001 0.0981862484375 0.22007910625 0.0752203203125 0.37135555625 0.05478904062499999 0.535530790625 0.0322586984375 0.6925586406249999 0.0118740125 0.8509152046875 0 0.8574092859375 0 0.8741326828125 0.0097564921875 0.8752726296875 0.0068576437500000005 0.9047943234375 0.01541714375 0.9061757437500001 0.034455256249999996 0.8915105359375 0.034382021875 0.8817198109375 0.2136292546875 0.89566465 0.448171759375 0.9153644515625 0.5564457968750001 0.9272338250000001 0.7899172703125 0.9521491843750001 0.7886506437499999 0.96690341875 0.8029607656250001 0.9834395546874999 0.8129024609375 0.9843774281250001 0.8156542703125 0.9564302421875001 0.833169221875 0.957386703125 0.8336724375 0.94123123125 0.819056590625 0.9257027656249999 0.844845325 0.604720359375 0.8673007374999999 0.321754 0.88189006875 0.12398427031249999 0.9005485953125 0.1011202421875 0.9015392859375 0.0886001421875 0.883523165625 0.08602158125 0.8850515968750001 0.062177526562499995 0.8761890234375 0.0606277109375 0.8638263703125 0.07878176875000001 0.8619945046874999 0.084540209375 0.531040534375 0.0558204375 0.42216299843750005 0.04677858125 0.254359503125 0.030375520312499998 0.150570746875 0.02388549375 0.137738259375 0 0.12915429218750002 0
0 0.6553952093750001 0.1000683984375 0.45839028437499996 0.0849436234375 0.2817176875 0.06794359062500001 0.14487118906250002 0.056031403125000004 0.0957379078125 0.415997365625 0.08516583125 0.41337782343749996 0.0775416203125 0.4670962703125 0.0873763640625 0.46684161875 0.03794063125 0.85555890625 0.17752873125 0.8650217578125 0.792321640625 0.92414205625 0.8233214765625 0.5630426015625 0.832351675 0.5630665765625 0.8409835609374999 0.4573035359375 0.832083715625 0.45648146250000005 0.8466680312499999 0.264422390625 0.8584832921875 0.1174675875 0.6553952093750001 0.1000683984375
1 0.5065135765625 0.5112493078125 0.5091107296875 0.486067721875 0.47116687968750004 0.4812094421875 0.478121165625 0.42423822343750006 0.46196094375 0.4225672140625 0.456131015625 0.47712080625000003 0.418527834375 0.472385228125 0.41552092656250006 0.4972481734375 0.452983965625 0.502149659375 0.4455397796875 0.5594270328125 0.4622787921875 0.561614128125 0.46841089062499996 0.5062942406250001 0.5065135765625 0.5112493078125