5 0.47813176471449037 0.7224408162650082 0.18911998746358769 0.12020462613895014
2 0.4348293602539214 0.4683672372693434 0.06993206677218974 0.04462923151356133
7 0.8357579920824414 0.03789442711305298 0.03510242570596276 0.027002115756780666
7 0.8088150588546309 0.006181538535350336 0.03353992570596276 0.012363077070700673
7 0.7142203097125608 0.16742157436927757 0.03353992570596294 0.026911110495108838
7 0.6570861081423504 0.2814987558969564 0.03353992570596276 0.026911110495108838
7 0.5241479245188286 0.4007709426157199 0.03349446159934022 0.025348610495108836
7 0.5093890910535915 0.45232573733993053 0.03197742570596294 0.02682010523343692
7 0.4172386949727998 0.4296155504094056 0.0334489974927175 0.023786110495108835
7 0.41861332686782654 0.48958978988606194 0.03032399749271768 0.02360409997176518
7 0.10333400468536051 0.6569185869587598 0.03353992570596289 0.026911110495108838
4 0.3111227387837359 0.3507841660955991 0.03353992570596294 0.026911110495108838
4 0.8231359716284701 0.01601172183726369 0.03197742570596276 0.026820105233436982
1 0.547803478125 0.41342980156250003 0.48763492656249996 0.42591687812499995 0.48151202499999995 0.38710554531249997 0.4560537703125 0.3924802125 0.462177634375 0.43069574375 0.40545511718749994 0.4418271921875 0.40745694375 0.4571560078125 0.46465568749999997 0.446657428125 0.46961144531250004 0.48363633906250003 0.49665996406249996 0.479275759375 0.4884007515625 0.44201486718750005 0.5476559156249999 0.429811565625 0.547803478125 0.41342980156250003
0 0.583198321875 0 0.0254541546875 0.12021228125000001 0.0057196796875 0.10580349062500001 0 0.1063239421875 0 0.2450216484375 0.0569472703125 0.8764028187499999 0.034642120312500004 0.8939976046875 0.0359199140625 0.9061802812499999 0.0592906359375 0.9028454859374999 0.061063107812499996 0.9202056375 0.0749482921875 0.9179444406249999 0.098239903125 0.89734131875 0.9241587718750001 0.7699525171875 0.9431218390625 0.7845131859375 0.9573638421874999 0.7814421984375 0.9549478953125 0.764200340625 0.9761686359375 0.7607874765625 0.9766832453125 0.7431015171875 0.964409171875 0.7337992953125 0.9548891015625 0.735328409375 0.9007051828125 0.2423777453125 0.8812031796875001 0 0.583198321875 0
0 0.7175073828125 0 0.45122001875000006 0.0562065421875 0.4484049 0.0400664390625 0.390132921875 0.054575478125 0.3975588296875 0.06979592500000001 0.0257787328125 0.14487494375 0.097958815625 0.8717931109375 0.44628835312500004 0.8161142984374999 0.44175241249999997 0.8271979921874999 0.549664503125 0.8092884734375 0.550549071875 0.8002735109374999 0.9193395625 0.7410383765625 0.8439713375 0 0.7175073828125 0
6 0.4204739728821113 0.05038307671776483 0.09171613855894431 0.042778305176967235
3 0.49790104394395013 0.8203399899707664 0.15274456677218975 0.04945251038216938