5 0.22406870716260396 0.24006996721529622 0.10091180262104178 0.17400110226293625
4 0.23962227840100683 0.17592565398357962 0.024237587005972294 0.03451135538619425
4 0.8642956232907638 0.15276280553127236 0.022565984232430482 0.029814765027114644
7 0.8418939464290276 0.14195711573792683 0.02412848423243048 0.029823855386194253
7 0.8819370649701387 0.16672076640185676 0.022565984232430482 0.029814765027114644
7 0.730572627090486 0.2597763956939602 0.022602351823611144 0.031377265027114645
7 0.6269196438079858 0.3166218142136752 0.02107621941479181 0.03293067466803503
7 0.5262994351267704 0.4445337116561513 0.02100348423243048 0.02980567466803503
7 0.47907894301055515 0.4596501724285398 0.022565984232430482 0.02981476502711473
7 0.5090917917000344 0.5461825700674077 0.02100348423243048 0.02980567466803503
7 0.451261107904444 0.5473001633533535 0.02100348423243048 0.02980567466803503
7 0.3193148979889576 0.8464648920797231 0.021076219414791632 0.03293067466803521
2 0.46962990140743005 0.530008124223938 0.03899107123840295 0.06428066861791085
6 0.8663957986338884 0.5323866730177149 0.029688806420763925 0.06735112646343318
3 0.13093173052961765 0.4827665273237548 0.032669642476805635 0.1282977168225127
0 0.8909155 0.4397414609375 0.9109634281250001 0.2873194375 0.9289195609374999 0.1336603890625 0.9464217421875001 0.12362178906250001 0.9483447609375 0.11169578124999999 0.9306961546875 0.11004847499999999 0.9331711421875 0.08142285625 0.924870428125 0.0802795625 0.906606778125 0.09489671718750001 0.90678743125 0.10436691875 0.7331275640625 0.094920771875 0.5058797625 0.0811547703125 0.40094213281249996 0.072115059375 0.17467256874999998 0.053279196875000004 0.1757331984375 0.0389769109375 0.16169623125000002 0.023302228124999998 0.1520625890625 0.022619225 0.1497122765625 0.049718296875 0.132747840625 0.04918819375 0.132441871875 0.06482885625 0.1467634703125 0.079521790625 0.1253996765625 0.3906320984375 0.1068361890625 0.664889284375 0.094931575 0.8565470953125001 0.077127265625 0.8790874796875 0.076308684375 0.89122216875 0.09377641406250001 0.8933102359375 0.092564278125 0.9164122062500001 0.1011602375 0.9177115734375001 0.112923221875 0.89986981875 0.1146318296875 0.8942575875 0.4353028640625 0.9145743671875 0.540792953125 0.9208650359374999 0.7034033359375 0.9329475593750001 0.8039391015625 0.9368843296874999 0.8172817421874999 0.960877621875 0.824503003125 0.9619578203125 0.8287719203125 0.9378717328124999 0.8430468484375 0.9380395671875 0.8462350359374999 0.9265208906250001 0.832414084375 0.907160775 0.8524454625000001 0.7458984953125001 0.8729794999999999 0.599030728125 0.8909155 0.4397414609375
0 0.12745050468750002 0.7198881187499999 0.1176613765625 0.8623233875 0.314436875 0.8745734390625 0.5052986421875 0.884760409375 0.676500625 0.8972203421874999 0.8090956328125 0.9056567687499999 0.8526188828124999 0.556305803125 0.8628815609375 0.55860148125 0.8696592203125 0.5064605453125 0.8601424718749999 0.5069288140625 0.9036361453125 0.1297560921875 0.76841484375 0.12375109375 0.17265923593750002 0.080428421875 0.14670107968749999 0.43046680156250006 0.137959971875 0.43064736249999996 0.1307904078125 0.533160603125 0.139414284375 0.5337550906249999 0.12745050468750002 0.7198881187499999
1 0.4961907140625 0.42370220156249994 0.4908753078125 0.47735875781250003 0.4539380140625 0.47342481562499994 0.45170639687499997 0.4978448703125 0.48848885781250007 0.501688759375 0.48239612656249997 0.5569614140625 0.498057253125 0.5582133625 0.5030887625 0.5053049671875 0.5395400984375 0.5090378359375001 0.542171909375 0.48491679843749996 0.5058543671875 0.48102026093749994 0.5124178703125 0.42544036875 0.4961907140625 0.42370220156249994