0 0.8553965281250001 0.12787708281250001 0.871071528125 0.10696874999999999 0.8710819437499999 0.0977989578125 0.853653471875 0.09323437500000001 0.8523486109375 0.0678260421875 0.839052778125 0.0715864578125 0.82969375 0.091565625 0.1489013890625 0.08218020781249999 0.133540278125 0.056621875 0.127072221875 0.0569197921875 0.12527430625 0.0818302078125 0.1052361109375 0.08616875 0.12306319375000001 0.1164989578125 0.1006583328125 0.5158572921875 0.08480069375 0.8749135421875 0.068603471875 0.8876052078125 0.070665278125 0.902309375 0.0862 0.9052718750000001 0.0858548609375 0.9349572921875 0.094703471875 0.935615625 0.11421666718750001 0.9123677078125001 0.1140673609375 0.9064822921875001 0.8354937625 0.9245028078124999 0.8356013890625 0.9397666671874999 0.8532840281249999 0.9524072921875 0.85971805625 0.9499072921874999 0.8593333328125 0.9237291671875001 0.874865971875 0.9231270828125 0.87535625 0.9085229171875 0.8625076390625 0.8990708328125001 0.8553965281250001 0.12787708281250001
0 0.8352674390624999 0.8924050546875 0.8328590281249999 0.5508385421875001 0.8438201390625 0.5507489578125 0.8417319437499999 0.4499520828125 0.832684028125 0.4497197921875 0.8311409718749999 0.1248333328125 0.14818125 0.11600208281249999 0.13164444375 0.4619197921875 0.11916805625 0.45638125 0.11766111093750001 0.5093208328125 0.1272611109375 0.5096833328125 0.112153471875 0.8778583328125 0.8352674390624999 0.8924050546875
1 0.49199930625 0.4955822921875 0.493871528125 0.44281770781249996 0.47978750000000003 0.44220625 0.4781888890625 0.4954072921875 0.44145069374999996 0.491496875 0.44089999999999996 0.516146875 0.47830208281250003 0.5197708328124999 0.47417638906250004 0.574203125 0.4895125 0.572190625 0.49211388906250003 0.51861875 0.5291243062500001 0.5218729171875001 0.529027778125 0.4994239578125 0.49199930625 0.4955822921875
5 0.75078125 0.4828125 0.08671875 0.1546875
7 0.634375 0.15078125 0.02421875 0.034375
7 0.5265625 0.45078125 0.01953125 0.02734375
7 0.46953125 0.4546875 0.01875 0.03046875
7 0.50546875 0.53671875 0.0203125 0.02734375
7 0.46015625 0.5546875 0.0203125 0.0296875
7 0.36953125 0.68515625 0.0203125 0.02890625
7 0.271875 0.74609375 0.02109375 0.0296875
7 0.17109375 0.86640625 0.0203125 0.0296875
7 0.13046875 0.84296875 0.01953125 0.03046875
3 0.84296875 0.50078125 0.025 0.12109375
6 0.11875 0.48359375 0.02734375 0.06640625
4 0.38125 0.36171875 0.01953125 0.02734375
4 0.14921875 0.85625 0.01875 0.028125