0 0.1379253375 0 0.15681905625 0.024554889062499998 0.16282615 0.025744606250000003 0.0076581328125 0.658138334375 0.0091462859375 0.7860298359375 0.7888605390625 0.9535277703125 0.8066097546875 0.974157959375 0.8159152625000001 0.9762576187500001 0.82441098125 0.9596558984374999 0.8504909406250001 0.9641237515625001 0.8496204921875 0.94980856875 0.8314147078125 0.9357832953124999 0.9918158968749999 0.24880199531249997 1 0.24608965624999998 1 0.2257464890625 0.9974073046875 0.22496565156249998 0.9974442453125001 0.20369392656250002 0.9627067374999999 0.2148290609375 0.5623025140625 0.10116601875 0.2013560359375 0.0033121390624999995 0.19976011875 0 0.1379253375 0
0 0.5626738015625 0.129500778125 0.1923051046875 0.030328582812499998 0.017285778125 0.758973271875 0.36452731250000003 0.8343530687499999 0.3621890859375 0.8454686609375001 0.4649659375 0.866319053125 0.46720688906249996 0.8572133875000001 0.797325525 0.929668975 0.9576445281250001 0.24036755156249998 0.610184865625 0.1448194953125 0.6185717421875 0.133452321875 0.5651692734375 0.11986594218749999 0.5626738015625 0.129500778125
1 0.4612414125 0.5335023015625 0.4840496671875 0.53851904375 0.49615526093750006 0.501912884375 0.5492991468749999 0.5158291421875 0.5530410546875 0.50171215 0.49939350625 0.48797341562499996 0.5115045546875 0.45167674687500003 0.48660556406250005 0.44550341250000003 0.47463815625 0.48253735156250005 0.4203008671875 0.4659601125 0.41894493125 0.4819423078125 0.4727466640625 0.4967805703125 0.4612414125 0.5335023015625
5 0.4519321474379042 0.7677353832009284 0.17801700668363551 0.12602721057599683
7 0.8147406827657229 0.7249968747149172 0.041006808004454595 0.033048849336070066
7 0.5345248294079965 0.5469274586310892 0.03155908267027261 0.02674430718159222
7 0.5432180294000424 0.4882791664766115 0.03466590133672707 0.02519998789975162
7 0.4512214334022696 0.505221747662309 0.033139764003817976 0.028315897540672097
7 0.44361747139558805 0.4560439042781672 0.03626476400381797 0.028334078258831143
7 0.33048057737904335 0.3348188649523599 0.03626476400381797 0.02833407825883123
7 0.2901090213637713 0.22254612392935033 0.03626476400381797 0.02833407825883123
7 0.19092553934595397 0.09186427137182644 0.034684082670272565 0.026762487899751573
7 0.22333805000795418 0.05729837383115447 0.034684082670272606 0.026762487899751598
3 0.41311564278322194 0.8562484373574586 0.12874316534054503 0.05387040944452863
6 0.5905806413510446 0.12704168462698412 0.07392839600572695 0.04261474687674207
4 0.6572708913908155 0.4196422750842596 0.03155908267027243 0.026744307181592396
4 0.20555111334340861 0.07302791296057007 0.03310340133672707 0.025190897540671962