0 0.7567294718750001 0 0.7576277296875 0.0078339984375 0.3925930078125 0.0890029375 0.0339739203125 0.16046677812500001 0.032635395312499996 0.1571083484375 0.0319565078125 0.151370940625 0.0120923671875 0.1389726796875 0.0024154890625000002 0.141634775 0.0077058843749999995 0.1692004203125 0 0.1694291953125 0 0.1902554234375 0.008391934375 0.19447833750000001 0.1380064484375 0.9437331234374999 0.12397549375000001 0.9631618874999999 0.1251105515625 0.9756571890625001 0.142584715625 0.9736927984375001 0.14723667812500002 0.9965750265625 0.153879271875 0.994864434375 0.1683660625 0.9693126921875 0.8499975531249999 0.8325889156249999 0.86219649375 0.8532930765625 0.8738907359375 0.8516459796875001 0.8723933296874999 0.8276217625 0.8879838171875001 0.8255066828125001 0.8927818828125 0.8158173578125 0.8789607421875001 0.7930445749999999 0.8706219859375001 0.79459601875 0.786471403125 0.03146396875 0.800540584375 0.015357489062499998 0.7985925125 0.0008491828125 0.78249115625 0.003118521875 0.7819962015625 0 0.7567294718750001 0
0 0.1042577390625 0.59854335 0.161589965625 0.9378810140624999 0.8495342718750001 0.7984760890625 0.8105812 0.47525021250000005 0.8188584515624999 0.47721617656250004 0.8075994812499999 0.3781538953125 0.8001166281250001 0.378393653125 0.760797078125 0.035474917187499996 0.0348936953125 0.1865914484375 0.0949477484375 0.5511888078125 0.084822221875 0.5559611953125 0.09246653593750001 0.603601321875 0.1042577390625 0.59854335
1 0.4998446703125 0.48581539375 0.49725843750000004 0.46144819843749996 0.46054762031249996 0.4721342578125 0.4516189265625 0.41939061874999994 0.4365558796875 0.422263971875 0.44409688750000004 0.47524676250000003 0.40958539062500005 0.4864096390625 0.412888546875 0.5085923125 0.44876976874999996 0.4968997 0.45702324218749996 0.5515949 0.47067366718750003 0.5490456921875 0.461293684375 0.4943528546875 0.4998446703125 0.48581539375
2 0.48132299260160244 0.5159206132638668 0.05189569994353036 0.05993862133990877
5 0.24825288736816545 0.5498614506285927 0.13420694198043534 0.13272268801718107
7 0.05895225284259743 0.22103865865690953 0.026820105233436985 0.031540901336727066
7 0.21188826606736422 0.28952393463559234 0.02682010523343701 0.031540901336727066
7 0.3164623740022243 0.33046601328772934 0.026911110495108838 0.03310340133672707
7 0.3718485530402415 0.425069441279457 0.02682010523343701 0.031540901336727066
7 0.4230547372693434 0.44399161660568465 0.02682010523343692 0.031540901336727246
7 0.47007395043764044 0.4543745859325486 0.025257605233436918 0.0315227200031817
7 0.44471065841485286 0.5413296932686393 0.025257605233436918 0.0315227200031817
7 0.7617664397025352 0.23159796789468662 0.028564615756780754 0.034684082670272606
7 0.33112848762227926 0.8159035266152296 0.025257605233436918 0.0315227200031817
7 0.3325320929263034 0.8588268232813661 0.027002115756780753 0.03466590133672724
4 0.5366985502682312 0.27559505792491257 0.028473610495108836 0.03312158267027252
4 0.7077581480326834 0.6897286412317319 0.028564615756780754 0.03468408267027243
3 0.8145897898860619 0.42382128321932344 0.047814415672075936 0.12391021467218159
6 0.09054680318141585 0.5766795839831371 0.039941731513561354 0.06916817067154532