0 0.5880973328125 0 0.03201825 0.17632522343749998 0.016448178124999997 0.156250921875 0.0044178890625 0.1593108609375 0.009223109375 0.1840663578125 0 0.18636251718750002 0 0.2119140921875 0.0070003625 0.22070363125 0.0155279625 0.21813054843750002 0.20382417187500002 0.989318028125 0.35813012187500004 0.9812311953125 0.6114162984375 0.8950626375 0.9775180015625 0.7794834859375 0.9793728125 0.78281370625 0.9808569921875 0.7886886453125 1 0.7976890671875 1 0.7413319359375 0.999738703125 0.741236684375 0.769602634375 0 0.5880973328125 0
0 0.7000877984375 0 0.0370990765625 0.211668515625 0.1214533390625 0.5425607375 0.1125163390625 0.5414769140625 0.13765745468749999 0.6429672546874999 0.145465015625 0.6418540984375001 0.2315443796875 0.9878652734375001 0.252441965625 0.9867700765625 0.973035009375 0.7524817500000001 0.8609997593750001 0.381098309375 0.8709654734375001 0.37497665625 0.8565387031249999 0.32642641562499997 0.8448663171874999 0.3330368140625 0.7428976640625 0 0.7000877984375 0
1 0.44559184687500003 0.49570352343749996 0.45158404843750005 0.5206891359375 0.4886067890625 0.5053602546875 0.5050667265625 0.559057734375 0.5204613515625 0.5543362421875 0.505423090625 0.500230309375 0.540077346875 0.4846607140625 0.5336283015625 0.4620246625 0.49761033125000004 0.47830215468750004 0.48159493124999997 0.4225016609375 0.46763665625 0.4267236328125 0.48483199531250004 0.4823915484375 0.44559184687500003 0.49570352343749996
2 0.4609375 0.4633432892367232 0.053125 0.06684666327441172
5 0.70078125 0.3999923609243063 0.1375 0.1509560696514182
7 0.94296875 0.7201123518791948 0.028125 0.034286468792335614
7 0.7734375 0.6657158582107728 0.028125 0.03584896879233561
7 0.65859375 0.6350158141128096 0.028125 0.03741146879233561
7 0.5875 0.5442104296712132 0.028125 0.03584896879233561
7 0.53125 0.5299708672558843 0.028125 0.03584896879233561
7 0.48046875 0.5256009497976013 0.0265625 0.034204581637205855
7 0.49609375 0.43181332824630375 0.0265625 0.035767081637205676
7 0.20625 0.7891908955228727 0.0328125 0.0407821302577247
7 0.578125 0.13376425260199182 0.0265625 0.03732958163720577
7 0.5703125 0.08964243837764056 0.028125 0.03741146879233552
4 0.43515625 0.717819427296364 0.028125 0.03741146879233561
4 0.20078125 0.3082275005658269 0.028125 0.03741146879233561
3 0.12421875 0.5958337211671847 0.0515625 0.13238977611928177
6 0.8625 0.354017040368377 0.0421875 0.07564845318850325