4 0.28984375 0.73671875 0.0265625 0.0328125
7 0.671875 0.79375 0.02421875 0.0359375
7 0.675 0.83671875 0.02265625 0.03515625
7 0.6296875 0.315625 0.02265625 0.03515625
7 0.18515625 0.29609375 0.02578125 0.0359375
7 0.72578125 0.25703125 0.02578125 0.04921875
7 0.86796875 0.15859375 0.03125 0.04375
7 0.53984375 0.4453125 0.021875 0.03671875
7 0.49375 0.46328125 0.01953125 0.034375
7 0.53046875 0.5453125 0.01875 0.0328125
7 0.47421875 0.5578125 0.02734375 0.02890625
4 0.40859375 0.296875 0.02734375 0.03359375
5 0.71953125 0.51796875 0.11875 0.12265625
2 0.490625 0.5265625 0.0390625 0.05390625
1 0.5046298609375001 0.5093697921875 0.5046298609375001 0.5621166671875 0.5212965281249999 0.5579520828125 0.522222221875 0.5107572921875 0.55648125 0.5107572921875 0.5583333328125 0.48993645781249995 0.5268520828125001 0.48854791718749996 0.5268520828125001 0.48299583281249997 0.5268520828125001 0.4288614578125 0.509259028125 0.4302489578125 0.5083333328124999 0.4802197921875 0.47037013906249997 0.47744375000000006 0.47407430625 0.5052052078125 0.5046298609375001 0.5093697921875
3 0.15625 0.4953125 0.04609375 0.1640625
6 0.875 0.5140625 0.0515625 0.1125
0 0.52578125 0.08359375 0.81328125 0.084375
0 0.15078125 0.48359375 0.0578125 0.89765625
0 0.51015625 0.90390625 0.76640625 0.07578125
0 0.89140625 0.50390625 0.08046875 0.884375