1 0.44249652812500007 0.4928854171875 0.44139166718749995 0.516053125 0.47674652812499996 0.5190239578125 0.47465694375 0.5712958328125 0.4915048609375 0.5743927078125 0.4925458328125 0.5214145828125 0.52915694375 0.5231666671874999 0.52997569375 0.49809479218749997 0.49290208281250003 0.496553125 0.494140278125 0.4418927078125 0.47984583281250004 0.4412885421875 0.47846319375 0.4952072921875 0.44249652812500007 0.4928854171875
7 0.634375 0.15 0.02109375 0.02890625
7 0.725 0.72421875 0.02109375 0.03046875
7 0.7796875 0.86796875 0.021875 0.03046875
7 0.3703125 0.68515625 0.0203125 0.0296875
7 0.27265625 0.7453125 0.02109375 0.03046875
7 0.13046875 0.84453125 0.0203125 0.028125
7 0.46015625 0.5546875 0.01796875 0.03046875
7 0.50546875 0.5359375 0.01953125 0.028125
7 0.5265625 0.45234375 0.01953125 0.02734375
4 0.38203125 0.3625 0.0203125 0.0296875
4 0.14921875 0.85625 0.0203125 0.03046875
6 0.11796875 0.48203125 0.04765625 0.09609375
7 0.46953125 0.45390625 0.01796875 0.02734375
5 0.42734375 0.44375 0.103125 0.10859375
2 0.509375 0.46796875 0.03359375 0.05859375
3 0.8453125 0.49765625 0.05078125 0.1453125
0 0.8515625 0.50859375 0.059375 0.8828125
0 0.49453125 0.0984375 0.77578125 0.07109375
0 0.47421875 0.91328125 0.80625 0.0734375
0 0.1140625 0.4984375 0.084375 0.87109375