4 0.3828125 0.36328125 0.02578125 0.0390625
7 0.13125 0.84453125 0.02578125 0.0390625
7 0.46953125 0.45546875 0.0203125 0.0265625
7 0.5046875 0.53671875 0.01953125 0.03125
7 0.46015625 0.55390625 0.01875 0.03203125
7 0.27421875 0.7421875 0.01796875 0.02890625
7 0.52890625 0.44921875 0.01875 0.02734375
7 0.634375 0.14921875 0.0203125 0.03125
7 0.3703125 0.68515625 0.0203125 0.034375
7 0.725 0.72421875 0.01796875 0.03125
7 0.7796875 0.86640625 0.02265625 0.03203125
2 0.50859375 0.46640625 0.034375 0.0625
1 0.49907430625 0.49201875 0.49907430625 0.43927187500000003 0.477777778125 0.43927187500000003 0.4759263890625 0.4892427078125 0.43981527812500004 0.4906302078125 0.43981527812500004 0.5197802078125 0.47407430625 0.5197802078125 0.4759263890625 0.5725270828125 0.49259305624999994 0.5725270828125 0.4956020828125 0.5211802078125001 0.5287041671875 0.529496875 0.5296298609375001 0.49757083281250003 0.49907430625 0.49201875
5 0.27578125 0.4796875 0.10625 0.10859375
6 0.11796875 0.48203125 0.0578125 0.11328125
3 0.846875 0.49765625 0.05703125 0.17734375
0 0.478125 0.909375 0.815625 0.084375
0 0.85 0.51328125 0.053125 0.890625
0 0.4890625 0.096875 0.76328125 0.0765625
0 0.1046875 0.49609375 0.084375 0.88125
4 0.15078125 0.85390625 0.02109375 0.0375