4 0.8453125 0.1265625 0.0265625 0.03828125
4 0.82421875 0.64921875 0.02578125 0.0390625
7 0.86640625 0.84140625 0.0265625 0.0375
7 0.7265625 0.746875 0.02578125 0.03828125
7 0.62890625 0.68359375 0.02421875 0.0390625
7 0.27421875 0.728125 0.021875 0.04140625
7 0.21953125 0.86875 0.02890625 0.0375
7 0.36640625 0.15078125 0.01875 0.03203125
7 0.540625 0.5546875 0.02109375 0.03359375
7 0.49453125 0.53515625 0.0203125 0.034375
7 0.53125 0.453125 0.01953125 0.03125
7 0.47265625 0.44296875 0.02265625 0.03203125
2 0.48984375 0.4734375 0.0390625 0.05390625
1 0.503472221875 0.5211802078125001 0.50648125 0.5725270828125 0.5231479171875 0.5725270828125 0.525 0.5197802078125 0.559259028125 0.5197802078125 0.559259028125 0.4906302078125 0.5231479171875 0.4892427078125 0.5212965281249999 0.43927187500000003 0.5 0.43927187500000003 0.5 0.49201875 0.46944444374999994 0.49757083281250003 0.47037013906249997 0.529496875 0.503472221875 0.5211802078125001
5 0.72421875 0.4875 0.1125 0.1359375
6 0.878125 0.48203125 0.0578125 0.11328125
3 0.153125 0.49296875 0.05703125 0.17734375
0 0.52578125 0.91484375 0.815625 0.084375
0 0.146875 0.51328125 0.053125 0.890625
0 0.509375 0.09765625 0.76328125 0.0765625
0 0.8859375 0.4953125 0.084375 0.88125