1 0.4420020828125 0.49290416718749996 0.44121527812499994 0.5165479171875 0.4767895828125 0.518846875 0.47530555625000004 0.57424375 0.49011875 0.5735708328125 0.49180347187500006 0.520790625 0.5283923609375 0.5229791671874999 0.52863125 0.4992489578125 0.49171180625 0.49769375 0.49495555625 0.4427125 0.48074305624999997 0.441703125 0.47818680625 0.49526041718749997 0.4420020828125 0.49290416718749996
2 0.509375 0.4734375 0.03671875 0.053125
5 0.27734375 0.48046875 0.10703125 0.11015625
6 0.12265625 0.478125 0.0515625 0.11015625
3 0.85 0.5 0.06484375 0.1578125
7 0.13125 0.8421875 0.02109375 0.02890625
7 0.27265625 0.74453125 0.02109375 0.0296875
7 0.36953125 0.68515625 0.0203125 0.03125
7 0.7796875 0.86875 0.02109375 0.03203125
7 0.72734375 0.725 0.0203125 0.0328125
7 0.63359375 0.15 0.02265625 0.0328125
7 0.46953125 0.4546875 0.01875 0.03046875
7 0.459375 0.5546875 0.01953125 0.03046875
7 0.50546875 0.53515625 0.02109375 0.0296875
7 0.5265625 0.44296875 0.01953125 0.02890625
4 0.7078125 0.2609375 0.0203125 0.0296875
4 0.590625 0.70078125 0.0203125 0.03046875
0 0.8546875 0.5140625 0.04765625 0.89453125
0 0.47421875 0.91328125 0.8203125 0.0671875
0 0.115625 0.5 0.08203125 0.87890625
0 0.48828125 0.09375 0.7640625 0.07265625