1 0.50504444375 0.4427125 0.50828819375 0.49769375 0.47136875 0.4992489578125 0.47160763906250003 0.5229791671874999 0.5081965281249999 0.520790625 0.5098812500000001 0.5735708328125 0.52469444375 0.57424375 0.5232104171875 0.518846875 0.5587847218750001 0.5165479171875 0.5579979171875 0.49290416718749996 0.52181319375 0.49526041718749997 0.5192569437500001 0.441703125 0.50504444375 0.4427125
2 0.490625 0.4734375 0.03671875 0.053125
5 0.72265625 0.48046875 0.10703125 0.11015625
6 0.87734375 0.478125 0.0515625 0.11015625
3 0.15 0.5 0.06484375 0.1578125
7 0.86875 0.8421875 0.02109375 0.02890625
7 0.72734375 0.74453125 0.02109375 0.0296875
7 0.63046875 0.68515625 0.0203125 0.03125
7 0.2203125 0.86875 0.02109375 0.03203125
7 0.27265625 0.725 0.0203125 0.0328125
7 0.36640625 0.15 0.02265625 0.0328125
7 0.53046875 0.4546875 0.01875 0.03046875
7 0.540625 0.5546875 0.01953125 0.03046875
7 0.49453125 0.53515625 0.02109375 0.0296875
7 0.4734375 0.44296875 0.01953125 0.02890625
4 0.2921875 0.2609375 0.0203125 0.0296875
4 0.409375 0.70078125 0.0203125 0.03046875
0 0.1453125 0.5140625 0.04765625 0.89453125
0 0.52578125 0.91328125 0.8203125 0.0671875
0 0.884375 0.5 0.08203125 0.87890625
0 0.51171875 0.09375 0.7640625 0.07265625