7 0.39921875 0.51875 0.01875 0.03046875
7 0.35703125 0.6203125 0.0203125 0.03203125
7 0.259375 0.68046875 0.0203125 0.02890625
7 0.43203125 0.6046875 0.01953125 0.02890625
7 0.7953125 0.6359375 0.01875 0.02734375
7 0.809375 0.49375 0.01875 0.02890625
7 0.79609375 0.2015625 0.01875 0.02734375
7 0.79609375 0.17421875 0.01796875 0.02890625
7 0.8125 0.16875 0.015625 0.0265625
7 0.11953125 0.77734375 0.0203125 0.0265625
2 0.4421875 0.4765625 0.0375 0.05546875
4 0.8109375 0.29453125 0.01953125 0.02890625
6 0.103125 0.41015625 0.0609375 0.1015625
3 0.828125 0.421875 0.0578125 0.134375
1 0.46525486093749996 0.3784364578125 0.46310416718749997 0.4300114578125 0.4274201390625 0.42808333281250005 0.4272229171875 0.45242812499999996 0.4636541671875 0.4560229171875 0.45988055625 0.5110479171875 0.47665625 0.5093385421875001 0.47818680625 0.45625416718749995 0.51624375 0.459871875 0.5167020828125 0.43664583281249997 0.4791638890625 0.4329760421875 0.48199236093750003 0.37875312499999997 0.46525486093749996 0.3784364578125
5 0.2625 0.4171875 0.1078125 0.109375
0 0.459375 0.83515625 0.8015625 0.08046875
0 0.83203125 0.43828125 0.0453125 0.8765625
0 0.09296875 0.43671875 0.07265625 0.87265625
0 0.46875 0.0328125 0.7703125 0.065625