1 0.5098812500000001 0.4264291671875 0.5081965281249999 0.47920937500000005 0.47160763906250003 0.4770208328125 0.47136875 0.5007510421875 0.50828819375 0.50230625 0.50504444375 0.5572874999999999 0.5192569437500001 0.558296875 0.52181319375 0.5047395828125001 0.5579979171875 0.5070958328125 0.5587847218750001 0.4834520828125 0.5232104171875 0.48115312499999996 0.52469444375 0.42575624999999995 0.5098812500000001 0.4264291671875
2 0.490625 0.5265625 0.03671875 0.053125
5 0.72265625 0.51953125 0.10703125 0.11015625
6 0.87734375 0.521875 0.0515625 0.11015625
3 0.15 0.5 0.06484375 0.1578125
7 0.86875 0.1578125 0.02109375 0.02890625
7 0.72734375 0.25546875 0.02109375 0.0296875
7 0.63046875 0.31484375 0.0203125 0.03125
7 0.2203125 0.13125 0.02109375 0.03203125
7 0.27265625 0.275 0.0203125 0.0328125
7 0.36640625 0.85 0.02265625 0.0328125
7 0.53046875 0.5453125 0.01875 0.03046875
7 0.540625 0.4453125 0.01953125 0.03046875
7 0.49453125 0.46484375 0.02109375 0.0296875
7 0.4734375 0.55703125 0.01953125 0.02890625
4 0.2921875 0.7390625 0.0203125 0.0296875
4 0.409375 0.29921875 0.0203125 0.03046875
0 0.1453125 0.4859375 0.04765625 0.89453125
0 0.52578125 0.08671875 0.8203125 0.0671875
0 0.884375 0.5 0.08203125 0.87890625
0 0.51171875 0.90625 0.7640625 0.07265625