4 0.6171875 0.63671875 0.02578125 0.0390625
7 0.86875 0.15546875 0.02578125 0.0390625
7 0.53046875 0.54453125 0.0203125 0.0265625
7 0.4953125 0.46328125 0.01953125 0.03125
7 0.53984375 0.44609375 0.01875 0.03203125
7 0.72578125 0.2578125 0.01796875 0.02890625
7 0.47265625 0.55078125 0.01875 0.02734375
7 0.365625 0.85078125 0.0203125 0.03125
7 0.6296875 0.31484375 0.0203125 0.034375
7 0.275 0.27578125 0.01796875 0.03125
7 0.2203125 0.13359375 0.02265625 0.03203125
2 0.49140625 0.53359375 0.034375 0.0625
1 0.560184721875 0.5093697921875 0.560184721875 0.4802197921875 0.52592569375 0.4802197921875 0.5240736109374999 0.4274729171875 0.5074069437500001 0.4274729171875 0.5043979171874999 0.4788197921875 0.4712958328125 0.470503125 0.47037013906249997 0.5024291671875 0.50092569375 0.50798125 0.50092569375 0.560728125 0.522222221875 0.560728125 0.5240736109374999 0.5107572921875 0.560184721875 0.5093697921875
5 0.72421875 0.5203125 0.10625 0.10859375
6 0.88203125 0.51796875 0.0578125 0.11328125
3 0.153125 0.50234375 0.05703125 0.17734375
0 0.521875 0.090625 0.815625 0.084375
0 0.15 0.48671875 0.053125 0.890625
0 0.5109375 0.903125 0.76328125 0.0765625
0 0.89140625 0.50625 0.084375 0.88125
4 0.84921875 0.14609375 0.02109375 0.0375