1 0.5084951390625 0.4256072921875 0.5074541671875 0.47858541718750003 0.47084305625 0.4768333328125 0.47002430625 0.5019052078125 0.5070979171875 0.5034468750000001 0.5058597218750001 0.5581072921875 0.5201541671875 0.5587114578125 0.52153680625 0.5047927078125001 0.5575034718749999 0.5071145828125 0.5586083328125 0.483946875 0.523253471875 0.48097604218749995 0.52534305625 0.42870416718750004 0.5084951390625 0.4256072921875
7 0.365625 0.85 0.02109375 0.02890625
7 0.275 0.27578125 0.02109375 0.03046875
7 0.2203125 0.13203125 0.021875 0.03046875
7 0.6296875 0.31484375 0.0203125 0.0296875
7 0.72734375 0.2546875 0.02109375 0.03046875
7 0.86953125 0.15546875 0.0203125 0.028125
7 0.53984375 0.4453125 0.01796875 0.03046875
7 0.49453125 0.4640625 0.01953125 0.028125
7 0.4734375 0.54765625 0.01953125 0.02734375
4 0.61796875 0.6375 0.0203125 0.0296875
4 0.85078125 0.14375 0.0203125 0.03046875
6 0.88203125 0.51796875 0.04765625 0.09609375
7 0.53046875 0.54609375 0.01796875 0.02734375
5 0.57265625 0.55625 0.103125 0.10859375
2 0.490625 0.53203125 0.03359375 0.05859375
3 0.1546875 0.50234375 0.05078125 0.1453125
0 0.1484375 0.49140625 0.059375 0.8828125
0 0.50546875 0.9015625 0.77578125 0.07109375
0 0.52578125 0.08671875 0.80625 0.0734375
0 0.8859375 0.5015625 0.084375 0.87109375