4 0.71015625 0.26328125 0.0265625 0.0328125
7 0.328125 0.20625 0.02421875 0.0359375
7 0.325 0.16328125 0.02265625 0.03515625
7 0.3703125 0.684375 0.02265625 0.03515625
7 0.81484375 0.70390625 0.02578125 0.0359375
7 0.27421875 0.74296875 0.02578125 0.04921875
7 0.13203125 0.84140625 0.03125 0.04375
7 0.46015625 0.5546875 0.021875 0.03671875
7 0.50625 0.53671875 0.01953125 0.034375
7 0.46953125 0.4546875 0.01875 0.0328125
7 0.52578125 0.4421875 0.02734375 0.02890625
4 0.59140625 0.703125 0.02734375 0.03359375
5 0.28046875 0.48203125 0.11875 0.12265625
2 0.509375 0.4734375 0.0390625 0.05390625
1 0.49074097187500004 0.5697510421875001 0.4916666671875 0.5197802078125 0.5296298609375001 0.5225562499999999 0.52592569375 0.49479479218750005 0.49537013906249994 0.4906302078125 0.49537013906249994 0.4378833328125 0.478703471875 0.4420479171875 0.477777778125 0.4892427078125 0.44351874999999996 0.4892427078125 0.44166666718750003 0.5100635421875 0.4731479171875 0.5114520828125 0.4731479171875 0.5170041671875001 0.4731479171875 0.5711385421874999 0.49074097187500004 0.5697510421875001
3 0.84375 0.5046875 0.04609375 0.1640625
6 0.125 0.4859375 0.0515625 0.1125
0 0.47421875 0.91640625 0.81328125 0.084375
0 0.84921875 0.51640625 0.0578125 0.89765625
0 0.48984375 0.09609375 0.76640625 0.07578125
0 0.10859375 0.49609375 0.08046875 0.884375