4 0.3828125 0.63671875 0.02578125 0.0390625
7 0.13125 0.15546875 0.02578125 0.0390625
7 0.46953125 0.54453125 0.0203125 0.0265625
7 0.5046875 0.46328125 0.01953125 0.03125
7 0.46015625 0.44609375 0.01875 0.03203125
7 0.27421875 0.2578125 0.01796875 0.02890625
7 0.52890625 0.55078125 0.01875 0.02734375
7 0.634375 0.85078125 0.0203125 0.03125
7 0.3703125 0.31484375 0.0203125 0.034375
7 0.725 0.27578125 0.01796875 0.03125
7 0.7796875 0.13359375 0.02265625 0.03203125
2 0.50859375 0.53359375 0.034375 0.0625
1 0.4956020828125 0.4788197921875 0.49259305624999994 0.4274729171875 0.4759263890625 0.4274729171875 0.47407430625 0.4802197921875 0.43981527812500004 0.4802197921875 0.43981527812500004 0.5093697921875 0.4759263890625 0.5107572921875 0.477777778125 0.560728125 0.49907430625 0.560728125 0.49907430625 0.50798125 0.5296298609375001 0.5024291671875 0.5287041671875 0.470503125 0.4956020828125 0.4788197921875
5 0.27578125 0.5203125 0.10625 0.10859375
6 0.11796875 0.51796875 0.0578125 0.11328125
3 0.846875 0.50234375 0.05703125 0.17734375
0 0.478125 0.090625 0.815625 0.084375
0 0.85 0.48671875 0.053125 0.890625
0 0.4890625 0.903125 0.76328125 0.0765625
0 0.1046875 0.50390625 0.084375 0.88125
4 0.15078125 0.14609375 0.02109375 0.0375