1 0.494140278125 0.5581072921875 0.49290208281250003 0.5034468750000001 0.52997569375 0.5019052078125 0.52915694375 0.4768333328125 0.4925458328125 0.47858541718750003 0.4915048609375 0.4256072921875 0.47465694375 0.42870416718750004 0.47674652812499996 0.48097604218749995 0.44139166718749995 0.483946875 0.44249652812500007 0.5071145828125 0.47846319375 0.5047927078125001 0.47984583281250004 0.5587114578125 0.494140278125 0.5581072921875
7 0.634375 0.85 0.02109375 0.02890625
7 0.725 0.27578125 0.02109375 0.03046875
7 0.7796875 0.13203125 0.021875 0.03046875
7 0.3703125 0.31484375 0.0203125 0.0296875
7 0.27265625 0.2546875 0.02109375 0.03046875
7 0.13046875 0.15546875 0.0203125 0.028125
7 0.46015625 0.4453125 0.01796875 0.03046875
7 0.50546875 0.4640625 0.01953125 0.028125
7 0.5265625 0.54765625 0.01953125 0.02734375
4 0.38203125 0.6375 0.0203125 0.0296875
4 0.14921875 0.14375 0.0203125 0.03046875
6 0.11796875 0.51796875 0.04765625 0.09609375
7 0.46953125 0.54609375 0.01796875 0.02734375
5 0.42734375 0.55625 0.103125 0.10859375
2 0.509375 0.53203125 0.03359375 0.05859375
3 0.8453125 0.50234375 0.05078125 0.1453125
0 0.8515625 0.49140625 0.059375 0.8828125
0 0.49453125 0.9015625 0.77578125 0.07109375
0 0.47421875 0.08671875 0.80625 0.0734375
0 0.1140625 0.5015625 0.084375 0.87109375