7 0.39921875 0.48125 0.01875 0.03046875
7 0.35703125 0.3796875 0.0203125 0.03203125
7 0.259375 0.31953125 0.0203125 0.02890625
7 0.43203125 0.3953125 0.01953125 0.02890625
7 0.7953125 0.3640625 0.01875 0.02734375
7 0.809375 0.50625 0.01875 0.02890625
7 0.79609375 0.7984375 0.01875 0.02734375
7 0.79609375 0.82578125 0.01796875 0.02890625
7 0.8125 0.83125 0.015625 0.0265625
7 0.11953125 0.22265625 0.0203125 0.0265625
2 0.4421875 0.5234375 0.0375 0.05546875
4 0.8109375 0.70546875 0.01953125 0.02890625
6 0.103125 0.58984375 0.0609375 0.1015625
3 0.828125 0.578125 0.0578125 0.134375
1 0.47818680625 0.5437458328125 0.47665625 0.4906614578125 0.45988055625 0.48895208281249997 0.4636541671875 0.5439770828125 0.4272229171875 0.547571875 0.4274201390625 0.5719166671875 0.46310416718749997 0.5699885421875 0.46525486093749996 0.6215635421875 0.48199236093750003 0.621246875 0.4791638890625 0.5670239578125 0.5167020828125 0.5633541671875 0.51624375 0.5401281250000001 0.47818680625 0.5437458328125
5 0.2625 0.5828125 0.1078125 0.109375
0 0.459375 0.16484375 0.8015625 0.08046875
0 0.83203125 0.56171875 0.0453125 0.8765625
0 0.09296875 0.56328125 0.07265625 0.87265625
0 0.46875 0.9671875 0.7703125 0.065625