4 0.61875 0.63828125 0.02421875 0.0328125
4 0.8515625 0.14375 0.02578125 0.0390625
7 0.86875 0.1578125 0.0265625 0.0375
7 0.7265625 0.253125 0.02578125 0.03828125
7 0.62890625 0.31640625 0.02421875 0.0390625
7 0.49453125 0.46328125 0.01875 0.0375
7 0.36640625 0.8484375 0.02890625 0.0375
7 0.4734375 0.5515625 0.01875 0.03203125
7 0.54140625 0.446875 0.02109375 0.03359375
7 0.23671875 0.19921875 0.0203125 0.034375
7 0.53125 0.546875 0.01953125 0.03125
7 0.82890625 0.13515625 0.02265625 0.03203125
2 0.49375 0.53515625 0.0390625 0.0625
1 0.559259028125 0.5093697921875 0.559259028125 0.4802197921875 0.525 0.4802197921875 0.5231479171875 0.4274729171875 0.50648125 0.4274729171875 0.503472221875 0.4788197921875 0.47037013906249997 0.470503125 0.46944444374999994 0.5024291671875 0.5 0.50798125 0.5 0.560728125 0.5212965281249999 0.560728125 0.5231479171875 0.5107572921875 0.559259028125 0.5093697921875
5 0.228125 0.2609375 0.084375 0.16640625
6 0.878125 0.51796875 0.0578125 0.11328125
3 0.153125 0.50703125 0.05703125 0.17734375
0 0.52578125 0.08515625 0.815625 0.084375
0 0.146875 0.48671875 0.053125 0.890625
0 0.509375 0.90234375 0.76328125 0.0765625
0 0.88984375 0.50859375 0.084375 0.88125