5 0.75078125 0.4890625 0.08515625 0.165625
2 0.50859375 0.4671875 0.03203125 0.0609375
7 0.17109375 0.865625 0.0203125 0.03046875
7 0.13046875 0.84375 0.0203125 0.0296875
7 0.27265625 0.74453125 0.01953125 0.0296875
7 0.36953125 0.684375 0.01953125 0.0296875
7 0.459375 0.55390625 0.01875 0.028125
7 0.50546875 0.53671875 0.01953125 0.028125
7 0.4703125 0.4546875 0.01796875 0.02890625
7 0.5265625 0.45078125 0.01796875 0.0265625
7 0.63359375 0.15 0.01953125 0.0296875
4 0.38125 0.3625 0.01953125 0.028125
4 0.14921875 0.85546875 0.01953125 0.02734375
1 0.49319375 0.49615312500000003 0.49428958281249996 0.4429125 0.47979791718750003 0.4421510421875 0.47804444375 0.4949989578125 0.44174513906249996 0.49206041718750004 0.44060763906249995 0.51580625 0.4774583328125 0.5187020828125 0.47496944374999994 0.5748083328125 0.49011180625 0.5735229171875 0.49247569375 0.518275 0.52821319375 0.523240625 0.528172221875 0.49810625000000003 0.49319375 0.49615312500000003
6 0.12109375 0.4828125 0.06171875 0.109375
3 0.84609375 0.50546875 0.05703125 0.16015625
7 0.734375 0.53515625 0.021875 0.03125
0 0.49140625 0.09765625 0.76875 0.0859375
0 0.10859375 0.49296875 0.0859375 0.87109375
0 0.47421875 0.91328125 0.81328125 0.07890625
0 0.8546875 0.51015625 0.04765625 0.88828125