5 0.75078125 0.5109375 0.08515625 0.165625
2 0.50859375 0.5328125 0.03203125 0.0609375
7 0.17109375 0.134375 0.0203125 0.03046875
7 0.13046875 0.15625 0.0203125 0.0296875
7 0.27265625 0.25546875 0.01953125 0.0296875
7 0.36953125 0.315625 0.01953125 0.0296875
7 0.459375 0.44609375 0.01875 0.028125
7 0.50546875 0.46328125 0.01953125 0.028125
7 0.4703125 0.5453125 0.01796875 0.02890625
7 0.5265625 0.54921875 0.01796875 0.0265625
7 0.63359375 0.85 0.01953125 0.0296875
4 0.38125 0.6375 0.01953125 0.028125
4 0.14921875 0.14453125 0.01953125 0.02734375
1 0.49247569375 0.48172499999999996 0.49011180625 0.4264770828125 0.47496944374999994 0.42519166718749996 0.4774583328125 0.4812979171875 0.44060763906249995 0.48419375000000003 0.44174513906249996 0.5079395828125 0.47804444375 0.5050010421875 0.47979791718750003 0.5578489578125 0.49428958281249996 0.5570875 0.49319375 0.503846875 0.528172221875 0.50189375 0.52821319375 0.476759375 0.49247569375 0.48172499999999996
6 0.12109375 0.5171875 0.06171875 0.109375
3 0.84609375 0.49453125 0.05703125 0.16015625
7 0.734375 0.46484375 0.021875 0.03125
0 0.49140625 0.90234375 0.76875 0.0859375
0 0.10859375 0.50703125 0.0859375 0.87109375
0 0.47421875 0.08671875 0.81328125 0.07890625
0 0.8546875 0.48984375 0.04765625 0.88828125