1 0.49199930625 0.4955822921875 0.493871528125 0.44281770781249996 0.47978750000000003 0.44220625 0.4781888890625 0.4954072921875 0.44145069374999996 0.491496875 0.44089999999999996 0.516146875 0.47830208281250003 0.5197708328124999 0.47417638906250004 0.574203125 0.4895125 0.572190625 0.49211388906250003 0.51861875 0.5291243062500001 0.5218729171875001 0.529027778125 0.4994239578125 0.49199930625 0.4955822921875
5 0.75078125 0.4828125 0.08671875 0.1546875
7 0.634375 0.15078125 0.02421875 0.034375
7 0.5265625 0.45078125 0.01953125 0.02734375
7 0.46953125 0.4546875 0.01875 0.03046875
7 0.50546875 0.53671875 0.0203125 0.02734375
7 0.46015625 0.5546875 0.0203125 0.0296875
7 0.36953125 0.68515625 0.0203125 0.02890625
7 0.271875 0.74609375 0.02109375 0.0296875
7 0.17109375 0.86640625 0.0203125 0.0296875
7 0.13046875 0.84296875 0.01953125 0.03046875
3 0.84609375 0.5015625 0.05 0.16484375
6 0.11953125 0.4828125 0.05078125 0.09296875
4 0.38125 0.36171875 0.01953125 0.02734375
4 0.14921875 0.85625 0.01875 0.028125
2 0.5078125 0.46875 0.03046875 0.0609375
7 0.73515625 0.5359375 0.02421875 0.03671875
0 0.490625 0.09453125 0.7640625 0.071875
0 0.85 0.5109375 0.05546875 0.88515625
0 0.4734375 0.91484375 0.8078125 0.08046875
0 0.11015625 0.49609375 0.0796875 0.86640625