5 0.771875 0.74375 0.084375 0.16875
4 0.7625 0.80390625 0.0203125 0.02890625
4 0.14921875 0.85546875 0.0203125 0.028125
1 0.4932104171875 0.4946635421875 0.4938173609375 0.4427208328125 0.478852778125 0.44108645781250005 0.4787479171875 0.494846875 0.4407486109375 0.49065312499999997 0.4406013890625 0.519425 0.47634791718749997 0.5202072921875 0.474472221875 0.5763833328125 0.493140278125 0.5764208328125 0.49134930624999995 0.5730145828125 0.4927979171875 0.5216604171875 0.5289104171875 0.5239895828125001 0.5304645828125001 0.49779375000000003 0.4932104171875 0.4946635421875
7 0.50546875 0.53828125 0.01875 0.02734375
7 0.46953125 0.45390625 0.01875 0.02734375
7 0.52578125 0.4515625 0.0171875 0.0296875
7 0.36875 0.684375 0.01796875 0.0296875
7 0.271875 0.7453125 0.0203125 0.03046875
7 0.17109375 0.865625 0.02109375 0.02734375
7 0.13046875 0.84296875 0.01953125 0.028125
7 0.46015625 0.5546875 0.01796875 0.02890625
7 0.6328125 0.15 0.01875 0.0296875
2 0.50859375 0.4671875 0.03203125 0.06015625
6 0.12109375 0.4890625 0.0546875 0.1
3 0.84375 0.50390625 0.05234375 0.1453125
0 0.85546875 0.51015625 0.04375 0.8890625
0 0.4921875 0.0953125 0.7609375 0.0734375
0 0.10703125 0.49765625 0.08125 0.8734375
0 0.475 0.91328125 0.8125 0.0796875