4 0.38125 0.63828125 0.02421875 0.0328125
4 0.1484375 0.14375 0.02578125 0.0390625
7 0.13125 0.1578125 0.0265625 0.0375
7 0.2734375 0.253125 0.02578125 0.03828125
7 0.37109375 0.31640625 0.02421875 0.0390625
7 0.50546875 0.46328125 0.01875 0.0375
7 0.63359375 0.8484375 0.02890625 0.0375
7 0.5265625 0.5515625 0.01875 0.03203125
7 0.45859375 0.446875 0.02109375 0.03359375
7 0.76328125 0.19921875 0.0203125 0.034375
7 0.46875 0.546875 0.01953125 0.03125
7 0.17109375 0.13515625 0.02265625 0.03203125
2 0.50625 0.53515625 0.0390625 0.0625
1 0.49652777812500004 0.4788197921875 0.49351874999999995 0.4274729171875 0.4768520828125 0.4274729171875 0.475 0.4802197921875 0.44074097187500005 0.4802197921875 0.44074097187500005 0.5093697921875 0.4768520828125 0.5107572921875 0.478703471875 0.560728125 0.5 0.560728125 0.5 0.50798125 0.5305555562500001 0.5024291671875 0.5296298609375001 0.470503125 0.49652777812500004 0.4788197921875
5 0.771875 0.2609375 0.084375 0.16640625
6 0.121875 0.51796875 0.0578125 0.11328125
3 0.846875 0.50703125 0.05703125 0.17734375
0 0.47421875 0.08515625 0.815625 0.084375
0 0.853125 0.48671875 0.053125 0.890625
0 0.490625 0.90234375 0.76328125 0.0765625
0 0.11015625 0.50859375 0.084375 0.88125