4 0.8 0.31171875 0.02578125 0.0390625
7 0.2484375 0.6859375 0.02421875 0.034375
7 0.34609375 0.62734375 0.02421875 0.0328125
7 0.421875 0.61171875 0.021875 0.03671875
7 0.390625 0.52421875 0.01875 0.03203125
7 0.803125 0.1859375 0.01796875 0.02890625
7 0.1046875 0.77890625 0.01875 0.02734375
7 0.78515625 0.19375 0.0203125 0.03125
7 0.7984375 0.509375 0.0203125 0.034375
7 0.7859375 0.21875 0.01796875 0.03125
7 0.784375 0.6484375 0.02265625 0.03203125
2 0.43359375 0.48125 0.0390625 0.0625
1 0.47592569375 0.4351072921875 0.47592569375 0.3823604171875 0.4546291671875 0.3823604171875 0.45277777812500003 0.43233125 0.4166666671875 0.43371875 0.4166666671875 0.46286875 0.45092569375 0.46286875 0.45277777812500003 0.515615625 0.46944444374999994 0.515615625 0.47245347187500003 0.46426875 0.50555555625 0.47258541718749997 0.50648125 0.44065937499999996 0.47592569375 0.4351072921875
5 0.25234375 0.4140625 0.10625 0.10859375
6 0.08828125 0.41640625 0.0578125 0.11328125
3 0.8125 0.44296875 0.05703125 0.17734375
0 0.44453125 0.846875 0.815625 0.084375
0 0.8203125 0.459375 0.053125 0.890625
0 0.46328125 0.03828125 0.76328125 0.0765625
0 0.07890625 0.440625 0.084375 0.88125