1 0.5078861109374999 0.51861875 0.5104875 0.572190625 0.5258236109375 0.574203125 0.5216979171875 0.5197708328124999 0.5591 0.516146875 0.55854930625 0.491496875 0.5218111109375 0.4954072921875 0.5202125 0.44220625 0.506128471875 0.44281770781249996 0.50800069375 0.4955822921875 0.470972221875 0.4994239578125 0.47087569374999994 0.5218729171875001 0.5078861109374999 0.51861875
5 0.24921875 0.4828125 0.08671875 0.1546875
7 0.365625 0.15078125 0.02421875 0.034375
7 0.4734375 0.45078125 0.01953125 0.02734375
7 0.53046875 0.4546875 0.01875 0.03046875
7 0.49453125 0.53671875 0.0203125 0.02734375
7 0.53984375 0.5546875 0.0203125 0.0296875
7 0.63046875 0.68515625 0.0203125 0.02890625
7 0.728125 0.74609375 0.02109375 0.0296875
7 0.82890625 0.86640625 0.0203125 0.0296875
7 0.86953125 0.84296875 0.01953125 0.03046875
3 0.15390625 0.5015625 0.05 0.16484375
6 0.88046875 0.4828125 0.05078125 0.09296875
4 0.61875 0.36171875 0.01953125 0.02734375
4 0.85078125 0.85625 0.01875 0.028125
2 0.4921875 0.46875 0.03046875 0.0609375
7 0.26484375 0.5359375 0.02421875 0.03671875
0 0.509375 0.09453125 0.7640625 0.071875
0 0.15 0.5109375 0.05546875 0.88515625
0 0.5265625 0.91484375 0.8078125 0.08046875
0 0.88984375 0.49609375 0.0796875 0.86640625