1 0.49211388906250003 0.48138125 0.4895125 0.427809375 0.47417638906250004 0.42579687499999996 0.47830208281250003 0.48022916718750003 0.44089999999999996 0.483853125 0.44145069374999996 0.5085031250000001 0.4781888890625 0.5045927078125 0.47978750000000003 0.55779375 0.493871528125 0.5571822921875 0.49199930625 0.5044177078125001 0.529027778125 0.5005760421875001 0.5291243062500001 0.4781270828125 0.49211388906250003 0.48138125
5 0.75078125 0.5171875 0.08671875 0.1546875
7 0.634375 0.84921875 0.02421875 0.034375
7 0.5265625 0.54921875 0.01953125 0.02734375
7 0.46953125 0.5453125 0.01875 0.03046875
7 0.50546875 0.46328125 0.0203125 0.02734375
7 0.46015625 0.4453125 0.0203125 0.0296875
7 0.36953125 0.31484375 0.0203125 0.02890625
7 0.271875 0.25390625 0.02109375 0.0296875
7 0.17109375 0.13359375 0.0203125 0.0296875
7 0.13046875 0.15703125 0.01953125 0.03046875
3 0.84609375 0.4984375 0.05 0.16484375
6 0.11953125 0.5171875 0.05078125 0.09296875
4 0.38125 0.63828125 0.01953125 0.02734375
4 0.14921875 0.14375 0.01875 0.028125
2 0.5078125 0.53125 0.03046875 0.0609375
7 0.73515625 0.4640625 0.02421875 0.03671875
0 0.490625 0.90546875 0.7640625 0.071875
0 0.85 0.4890625 0.05546875 0.88515625
0 0.4734375 0.08515625 0.8078125 0.08046875
0 0.11015625 0.50390625 0.0796875 0.86640625