5 0.228125 0.74375 0.084375 0.16875
4 0.2375 0.80390625 0.0203125 0.02890625
4 0.85078125 0.85546875 0.0203125 0.028125
1 0.5072020828125 0.5216604171875 0.50865069375 0.5730145828125 0.506859721875 0.5764208328125 0.5255277781250001 0.5763833328125 0.5236520828125 0.5202072921875 0.5593986109375 0.519425 0.5592513890624999 0.49065312499999997 0.5212520828125 0.494846875 0.521147221875 0.44108645781250005 0.5061826390624999 0.4427208328125 0.5067895828125 0.4946635421875 0.46953541718749997 0.49779375000000003 0.4710895828125 0.5239895828125001 0.5072020828125 0.5216604171875
7 0.49453125 0.53828125 0.01875 0.02734375
7 0.53046875 0.45390625 0.01875 0.02734375
7 0.47421875 0.4515625 0.0171875 0.0296875
7 0.63125 0.684375 0.01796875 0.0296875
7 0.728125 0.7453125 0.0203125 0.03046875
7 0.82890625 0.865625 0.02109375 0.02734375
7 0.86953125 0.84296875 0.01953125 0.028125
7 0.53984375 0.5546875 0.01796875 0.02890625
7 0.3671875 0.15 0.01875 0.0296875
2 0.49140625 0.4671875 0.03203125 0.06015625
6 0.87890625 0.4890625 0.0546875 0.1
3 0.15625 0.50390625 0.05234375 0.1453125
0 0.14453125 0.51015625 0.04375 0.8890625
0 0.5078125 0.0953125 0.7609375 0.0734375
0 0.89296875 0.49765625 0.08125 0.8734375
0 0.525 0.91328125 0.8125 0.0796875