4 0.38125 0.36171875 0.02421875 0.0328125
4 0.1484375 0.85625 0.02578125 0.0390625
7 0.13125 0.8421875 0.0265625 0.0375
7 0.2734375 0.746875 0.02578125 0.03828125
7 0.37109375 0.68359375 0.02421875 0.0390625
7 0.50546875 0.53671875 0.01875 0.0375
7 0.63359375 0.1515625 0.02890625 0.0375
7 0.5265625 0.4484375 0.01875 0.03203125
7 0.45859375 0.553125 0.02109375 0.03359375
7 0.76328125 0.80078125 0.0203125 0.034375
7 0.46875 0.453125 0.01953125 0.03125
7 0.17109375 0.86484375 0.02265625 0.03203125
2 0.50625 0.46484375 0.0390625 0.0625
1 0.5 0.49201875 0.5 0.43927187500000003 0.478703471875 0.43927187500000003 0.4768520828125 0.4892427078125 0.44074097187500005 0.4906302078125 0.44074097187500005 0.5197802078125 0.475 0.5197802078125 0.4768520828125 0.5725270828125 0.49351874999999995 0.5725270828125 0.49652777812500004 0.5211802078125001 0.5296298609375001 0.529496875 0.5305555562500001 0.49757083281250003 0.5 0.49201875
5 0.771875 0.7390625 0.084375 0.16640625
6 0.121875 0.48203125 0.0578125 0.11328125
3 0.846875 0.49296875 0.05703125 0.17734375
0 0.47421875 0.91484375 0.815625 0.084375
0 0.853125 0.51328125 0.053125 0.890625
0 0.490625 0.09765625 0.76328125 0.0765625
0 0.11015625 0.49140625 0.084375 0.88125