4 0.2 0.31171875 0.02578125 0.0390625
7 0.7515625 0.6859375 0.02421875 0.034375
7 0.65390625 0.62734375 0.02421875 0.0328125
7 0.578125 0.61171875 0.021875 0.03671875
7 0.609375 0.52421875 0.01875 0.03203125
7 0.196875 0.1859375 0.01796875 0.02890625
7 0.8953125 0.77890625 0.01875 0.02734375
7 0.21484375 0.19375 0.0203125 0.03125
7 0.2015625 0.509375 0.0203125 0.034375
7 0.2140625 0.21875 0.01796875 0.03125
7 0.215625 0.6484375 0.02265625 0.03203125
2 0.56640625 0.48125 0.0390625 0.0625
1 0.527546528125 0.46426875 0.5305555562500001 0.515615625 0.547222221875 0.515615625 0.54907430625 0.46286875 0.5833333328125 0.46286875 0.5833333328125 0.43371875 0.547222221875 0.43233125 0.5453708328125 0.3823604171875 0.52407430625 0.3823604171875 0.52407430625 0.4351072921875 0.49351874999999995 0.44065937499999996 0.49444444374999996 0.47258541718749997 0.527546528125 0.46426875
5 0.74765625 0.4140625 0.10625 0.10859375
6 0.91171875 0.41640625 0.0578125 0.11328125
3 0.1875 0.44296875 0.05703125 0.17734375
0 0.55546875 0.846875 0.815625 0.084375
0 0.1796875 0.459375 0.053125 0.890625
0 0.53671875 0.03828125 0.76328125 0.0765625
0 0.92109375 0.440625 0.084375 0.88125