7 0.21796875 0.6453125 0.0203125 0.0296875
7 0.20234375 0.50546875 0.01953125 0.02890625
7 0.57890625 0.61015625 0.02109375 0.028125
7 0.61171875 0.52421875 0.01953125 0.0296875
7 0.6546875 0.62578125 0.01953125 0.03046875
7 0.753125 0.6859375 0.021875 0.03125
7 0.896875 0.78203125 0.02109375 0.028125
7 0.1984375 0.1828125 0.0171875 0.02890625
7 0.21484375 0.18828125 0.01953125 0.02734375
7 0.215625 0.21484375 0.0203125 0.02734375
4 0.2015625 0.30625 0.0203125 0.0296875
5 0.75 0.42109375 0.109375 0.11015625
2 0.56875 0.484375 0.040625 0.05703125
1 0.53144444375 0.4646052078125 0.5336611109375 0.5163041671874999 0.54948819375 0.5164875 0.54705 0.4637697921875 0.5818888890625 0.45942812499999997 0.58154444375 0.4360104171875 0.545215971875 0.43787291718750004 0.5421104171875 0.385890625 0.5286638890625001 0.38667291718749996 0.5312597218749999 0.4390354171875 0.49452083281250003 0.4455822921875 0.49535416718749997 0.4669489578125 0.53144444375 0.4646052078125
3 0.1859375 0.44140625 0.05546875 0.15546875
6 0.91015625 0.41640625 0.06953125 0.1203125
0 0.17890625 0.45625 0.04296875 0.86640625
0 0.55859375 0.83984375 0.80625 0.07421875
0 0.921875 0.4328125 0.08671875 0.86484375
0 0.5390625 0.0375 0.77734375 0.075