7 0.78203125 0.3546875 0.0203125 0.0296875
7 0.79765625 0.49453125 0.01953125 0.02890625
7 0.42109375 0.38984375 0.02109375 0.028125
7 0.38828125 0.47578125 0.01953125 0.0296875
7 0.3453125 0.37421875 0.01953125 0.03046875
7 0.246875 0.3140625 0.021875 0.03125
7 0.103125 0.21796875 0.02109375 0.028125
7 0.8015625 0.8171875 0.0171875 0.02890625
7 0.78515625 0.81171875 0.01953125 0.02734375
7 0.784375 0.78515625 0.0203125 0.02734375
4 0.7984375 0.69375 0.0203125 0.0296875
5 0.25 0.57890625 0.109375 0.11015625
2 0.43125 0.515625 0.040625 0.05703125
1 0.46855555625 0.5353947921875 0.4663388890625 0.4836958328125 0.45051180625000004 0.48351249999999996 0.45294999999999996 0.5362302078125001 0.41811111093750003 0.540571875 0.41845555624999997 0.5639895828125 0.454784028125 0.5621270828125 0.4578895828125 0.614109375 0.47133611093749994 0.6133270828125 0.468740278125 0.5609645828125001 0.5054791671875 0.5544177078125 0.5046458328125001 0.5330510421875 0.46855555625 0.5353947921875
3 0.8140625 0.55859375 0.05546875 0.15546875
6 0.08984375 0.58359375 0.06953125 0.1203125
0 0.82109375 0.54375 0.04296875 0.86640625
0 0.44140625 0.16015625 0.80625 0.07421875
0 0.078125 0.5671875 0.08671875 0.86484375
0 0.4609375 0.9625 0.77734375 0.075