7 0.78203125 0.6453125 0.0203125 0.0296875
7 0.79765625 0.50546875 0.01953125 0.02890625
7 0.42109375 0.61015625 0.02109375 0.028125
7 0.38828125 0.52421875 0.01953125 0.0296875
7 0.3453125 0.62578125 0.01953125 0.03046875
7 0.246875 0.6859375 0.021875 0.03125
7 0.103125 0.78203125 0.02109375 0.028125
7 0.8015625 0.1828125 0.0171875 0.02890625
7 0.78515625 0.18828125 0.01953125 0.02734375
7 0.784375 0.21484375 0.0203125 0.02734375
4 0.7984375 0.30625 0.0203125 0.0296875
5 0.25 0.42109375 0.109375 0.11015625
2 0.43125 0.484375 0.040625 0.05703125
1 0.468740278125 0.4390354171875 0.47133611093749994 0.38667291718749996 0.4578895828125 0.385890625 0.454784028125 0.43787291718750004 0.41845555624999997 0.4360104171875 0.41811111093750003 0.45942812499999997 0.45294999999999996 0.4637697921875 0.45051180625000004 0.5164875 0.4663388890625 0.5163041671874999 0.46855555625 0.4646052078125 0.5046458328125001 0.4669489578125 0.5054791671875 0.4455822921875 0.468740278125 0.4390354171875
3 0.8140625 0.44140625 0.05546875 0.15546875
6 0.08984375 0.41640625 0.06953125 0.1203125
0 0.82109375 0.45625 0.04296875 0.86640625
0 0.44140625 0.83984375 0.80625 0.07421875
0 0.078125 0.4328125 0.08671875 0.86484375
0 0.4609375 0.0375 0.77734375 0.075