4 0.7078125 0.26015625 0.0265625 0.03828125
4 0.59375 0.69921875 0.02578125 0.0390625
7 0.13359375 0.84140625 0.0265625 0.0375
7 0.2734375 0.746875 0.02578125 0.03828125
7 0.37109375 0.68359375 0.02421875 0.0390625
7 0.6484375 0.52265625 0.021875 0.04140625
7 0.81484375 0.70078125 0.02890625 0.0375
7 0.32421875 0.1625 0.01875 0.03203125
7 0.44609375 0.6671875 0.02109375 0.03359375
7 0.41171875 0.5828125 0.0203125 0.034375
7 0.46875 0.453125 0.01953125 0.03125
7 0.32734375 0.20703125 0.02265625 0.03203125
2 0.4546875 0.53984375 0.0390625 0.05390625
1 0.5 0.49201875 0.5 0.43927187500000003 0.478703471875 0.43927187500000003 0.4768520828125 0.4892427078125 0.44074097187500005 0.4906302078125 0.44074097187500005 0.5197802078125 0.475 0.5197802078125 0.4768520828125 0.5725270828125 0.49351874999999995 0.5725270828125 0.49652777812500004 0.5211802078125001 0.5296298609375001 0.529496875 0.5305555562500001 0.49757083281250003 0.5 0.49201875
5 0.27578125 0.4875 0.1125 0.1359375
6 0.121875 0.48203125 0.0578125 0.11328125
3 0.846875 0.49296875 0.05703125 0.17734375
0 0.47421875 0.91484375 0.815625 0.084375
0 0.853125 0.51328125 0.053125 0.890625
0 0.490625 0.09765625 0.76328125 0.0765625
0 0.1140625 0.4953125 0.084375 0.88125