3 0.846875 0.5046875 0.06875 0.1546875
0 0.1125 0.50546875 0.084375 0.871875
6 0.11875 0.515625 0.05625 0.0953125
5 0.27734375 0.51875 0.10625 0.1078125
7 0.13125 0.1578125 0.0203125 0.03125
7 0.27265625 0.2546875 0.01953125 0.0296875
7 0.36953125 0.31484375 0.01953125 0.02890625
7 0.4453125 0.33046875 0.01953125 0.0296875
7 0.4125 0.41875 0.01953125 0.028125
7 0.4703125 0.5453125 0.01875 0.02734375
7 0.64765625 0.4765625 0.0203125 0.03046875
7 0.81484375 0.29609375 0.02265625 0.03125
7 0.328125 0.79453125 0.021875 0.03203125
7 0.325 0.83671875 0.01953125 0.02890625
2 0.45546875 0.459375 0.0390625 0.05625
4 0.590625 0.29921875 0.021875 0.02890625
4 0.7078125 0.7390625 0.021875 0.0296875
1 0.4923354171875 0.47913125 0.4900076390625 0.42619375000000004 0.47536527812499996 0.42601875 0.47745 0.48110937500000006 0.4411736109375 0.48475520781250003 0.44210694375 0.507796875 0.478665278125 0.5044677078124999 0.4810208328125 0.559609375 0.495321528125 0.559609375 0.49384444375000003 0.5032104171875 0.530177778125 0.4971239578125 0.5293972218749999 0.4762604171875 0.4923354171875 0.47913125
0 0.47265625 0.084375 0.81796875 0.08828125
0 0.8546875 0.48984375 0.0546875 0.8890625
0 0.490625 0.903125 0.7734375 0.08125