3 0.846875 0.4953125 0.06875 0.1546875
0 0.1125 0.49453125 0.084375 0.871875
6 0.11875 0.484375 0.05625 0.0953125
5 0.27734375 0.48125 0.10625 0.1078125
7 0.13125 0.8421875 0.0203125 0.03125
7 0.27265625 0.7453125 0.01953125 0.0296875
7 0.36953125 0.68515625 0.01953125 0.02890625
7 0.4453125 0.66953125 0.01953125 0.0296875
7 0.4125 0.58125 0.01953125 0.028125
7 0.4703125 0.4546875 0.01875 0.02734375
7 0.64765625 0.5234375 0.0203125 0.03046875
7 0.81484375 0.70390625 0.02265625 0.03125
7 0.328125 0.20546875 0.021875 0.03203125
7 0.325 0.16328125 0.01953125 0.02890625
2 0.45546875 0.540625 0.0390625 0.05625
4 0.590625 0.70078125 0.021875 0.02890625
4 0.7078125 0.2609375 0.021875 0.0296875
1 0.49384444375000003 0.4967895828125 0.495321528125 0.44039062500000004 0.4810208328125 0.44039062500000004 0.478665278125 0.4955322921875 0.44210694375 0.49220312499999996 0.4411736109375 0.5152447921875 0.47745 0.5188906249999999 0.47536527812499996 0.57398125 0.4900076390625 0.57380625 0.4923354171875 0.52086875 0.5293972218749999 0.5237395828125 0.530177778125 0.5028760421875 0.49384444375000003 0.4967895828125
0 0.47265625 0.915625 0.81796875 0.08828125
0 0.8546875 0.51015625 0.0546875 0.8890625
0 0.490625 0.096875 0.7734375 0.08125