3 0.153125 0.5046875 0.06875 0.1546875
0 0.8875 0.50546875 0.084375 0.871875
6 0.88125 0.515625 0.05625 0.0953125
5 0.72265625 0.51875 0.10625 0.1078125
7 0.86875 0.1578125 0.0203125 0.03125
7 0.72734375 0.2546875 0.01953125 0.0296875
7 0.63046875 0.31484375 0.01953125 0.02890625
7 0.5546875 0.33046875 0.01953125 0.0296875
7 0.5875 0.41875 0.01953125 0.028125
7 0.5296875 0.5453125 0.01875 0.02734375
7 0.35234375 0.4765625 0.0203125 0.03046875
7 0.18515625 0.29609375 0.02265625 0.03125
7 0.671875 0.79453125 0.021875 0.03203125
7 0.675 0.83671875 0.01953125 0.02890625
2 0.54453125 0.459375 0.0390625 0.05625
4 0.409375 0.29921875 0.021875 0.02890625
4 0.2921875 0.7390625 0.021875 0.0296875
1 0.55789305625 0.507796875 0.5588263890625 0.48475520781250003 0.5225500000000001 0.48110937500000006 0.524634721875 0.42601875 0.5099923609375 0.42619375000000004 0.5076645828124999 0.47913125 0.47060277812500007 0.4762604171875 0.469822221875 0.4971239578125 0.50615555625 0.5032104171875 0.5046784718749999 0.559609375 0.5189791671874999 0.559609375 0.521334721875 0.5044677078124999 0.55789305625 0.507796875
0 0.52734375 0.084375 0.81796875 0.08828125
0 0.1453125 0.48984375 0.0546875 0.8890625
0 0.509375 0.903125 0.7734375 0.08125