4 0.29140625 0.259375 0.02578125 0.0390625
7 0.86875 0.84453125 0.02578125 0.0390625
7 0.53046875 0.45546875 0.0203125 0.0265625
7 0.4953125 0.53671875 0.01953125 0.03125
7 0.53984375 0.55390625 0.01875 0.03203125
7 0.72578125 0.7421875 0.01796875 0.02890625
7 0.58828125 0.58359375 0.01875 0.02734375
7 0.675 0.16328125 0.0203125 0.03125
7 0.6296875 0.68515625 0.0203125 0.034375
7 0.1859375 0.70234375 0.01796875 0.03125
7 0.6734375 0.20546875 0.02265625 0.03203125
2 0.49140625 0.46640625 0.034375 0.0625
1 0.5043979171874999 0.5211802078125001 0.5074069437500001 0.5725270828125 0.5240736109374999 0.5725270828125 0.52592569375 0.5197802078125 0.560184721875 0.5197802078125 0.560184721875 0.4906302078125 0.5240736109374999 0.4892427078125 0.522222221875 0.43927187500000003 0.50092569375 0.43927187500000003 0.50092569375 0.49201875 0.47037013906249997 0.49757083281250003 0.4712958328125 0.529496875 0.5043979171874999 0.5211802078125001
5 0.72421875 0.4796875 0.10625 0.10859375
6 0.88203125 0.48203125 0.0578125 0.11328125
3 0.153125 0.49765625 0.05703125 0.17734375
0 0.521875 0.909375 0.815625 0.084375
0 0.15 0.51328125 0.053125 0.890625
0 0.5109375 0.096875 0.76328125 0.0765625
0 0.8953125 0.49609375 0.084375 0.88125
4 0.4109375 0.6984375 0.02109375 0.0375