2 0.428125 0.68984375 0.0375 0.021875
4 0.54140625 0.72734375 0.0328125 0.01875
4 0.6640625 0.5671875 0.0375 0.021875
4 0.76640625 0.421875 0.0359375 0.01875
4 0.4765625 0.33828125 0.0375 0.021875
4 0.1328125 0.28046875 0.0375 0.021875
4 0.14765625 0.440625 0.0390625 0.01875
4 0.33984375 0.34453125 0.034375 0.01875
4 0.45703125 0.7546875 0.0359375 0.01875
4 0.321875 0.775 0.0375 0.0203125
1 0.53125 0.49453125 0.053125 0.0375
0 0.43522314843750004 0.5241666671874999 0.4914861109375 0.5216666671875 0.49000555625000003 0.5533333328125 0.5151759265625 0.5549999999999999 0.5136953703125 0.525 0.568477778125 0.525 0.5655166671875 0.5083333328124999 0.514809259375 0.5072916671875001 0.5181370375000001 0.47750000000000004 0.4840833328125 0.4783333328125 0.48556388906250003 0.5075000000000001 0.438184259375 0.5083333328124999 0.43522314843750004 0.5241666671874999
3 0.5936481484375 0.6166666671875001 0.6084546296875 0.6558333328125 0.6540740734375 0.6479166671875001 0.6425083328125 0.6108333328125 0.5936481484375 0.6166666671875001