2 0.571875 0.309375 0.0375 0.01875
4 0.46015625 0.27265625 0.0359375 0.01875
4 0.54375 0.24609375 0.0375 0.021875
4 0.33359375 0.43125 0.0359375 0.01875
4 0.521875 0.66015625 0.0375 0.021875
4 0.75546875 0.5484375 0.0375 0.021875
4 0.86640625 0.7203125 0.0375 0.0171875
4 0.23359375 0.57734375 0.034375 0.01875
4 0.67734375 0.2234375 0.0359375 0.01875
4 0.65859375 0.65625 0.0375 0.0203125
1 0.4671875 0.50625 0.053125 0.0375
0 0.5662574078125 0.47583333281250006 0.5099944437499999 0.4783333328125 0.511475 0.44666666718750003 0.4863046296875 0.445 0.48778518593750003 0.475 0.433002778125 0.475 0.4359638890625 0.4916666671875 0.486671296875 0.4927083328125 0.48334351875000003 0.5225 0.517397221875 0.5216666671875 0.5159166671875 0.4925 0.563296296875 0.4916666671875 0.5662574078125 0.47583333281250006
3 0.3471268515625 0.6566666671875 0.39450648125 0.6341666671875 0.371109259375 0.6077083328125 0.3115925921875 0.6291666671875 0.3471268515625 0.6566666671875