2 0.5734375 0.309375 0.0375 0.01875
4 0.5203125 0.6609375 0.040625 0.01875
4 0.234375 0.578125 0.0375 0.021875
4 0.65859375 0.65546875 0.0359375 0.01875
4 0.4609375 0.2734375 0.0375 0.021875
4 0.85234375 0.56015625 0.0375 0.021875
4 0.67734375 0.225 0.0390625 0.0171875
4 0.54453125 0.24609375 0.034375 0.01875
4 0.3359375 0.4328125 0.040625 0.01875
4 0.86796875 0.71875 0.0375 0.0203125
1 0.4671875 0.50625 0.053125 0.0359375
0 0.5677379625000001 0.4766666671875 0.511475 0.4791666671875 0.51295555625 0.44749999999999995 0.48778518593750003 0.4458333328125 0.48926574062499995 0.47583333281250006 0.43448333281249996 0.47583333281250006 0.43744444375 0.4925 0.4881518515625 0.49354166718750003 0.48482407343749995 0.5233333328125 0.518877778125 0.5225 0.517397221875 0.4933333328125 0.5647768515625 0.4925 0.5677379625000001 0.4766666671875
3 0.44040555625 0.5883333328125 0.40487037031249995 0.5625 0.3625925921875 0.5875 0.39894814843750004 0.61 0.44040555625 0.5883333328125