3 0.66953125 0.54296875 0.034375 0.065625
2 0.28671875 0.30390625 0.01875 0.0375
4 0.78984375 0.5875 0.01875 0.040625
4 0.54921875 0.29765625 0.021875 0.0375
4 0.23671875 0.26171875 0.01875 0.0359375
4 0.23359375 0.4640625 0.021875 0.0375
4 0.28046875 0.828125 0.021875 0.0375
4 0.61953125 0.53671875 0.0171875 0.0390625
4 0.73828125 0.721875 0.01875 0.034375
4 0.6140625 0.47421875 0.01875 0.040625
4 0.28125 0.86640625 0.0203125 0.0375
1 0.48671875 0.68515625 0.03125 0.0703125
0 0.5241666671874999 0.5736601859375 0.5216666671875 0.517397221875 0.5533333328125 0.518877778125 0.5549999999999999 0.4937074078125 0.525 0.4951879625 0.525 0.44040555625 0.5083333328124999 0.44336666718749995 0.5072916671875001 0.4940740734375 0.47750000000000004 0.490746296875 0.4783333328125 0.5248 0.5075000000000001 0.52331944375 0.5083333328124999 0.5706990734375 0.5241666671874999 0.5736601859375