2 0.4296875 0.6890625 0.03125 0.01875
4 0.5390625 0.72578125 0.0328125 0.01875
4 0.66484375 0.56640625 0.0296875 0.01875
4 0.765625 0.4234375 0.0359375 0.01875
4 0.47890625 0.3390625 0.034375 0.021875
4 0.3421875 0.34375 0.034375 0.021875
4 0.14765625 0.43984375 0.0328125 0.0171875
4 0.13125 0.2796875 0.034375 0.01875
4 0.45625 0.75390625 0.03125 0.01875
4 0.32109375 0.77578125 0.0328125 0.01875
1 0.53359375 0.49375 0.0546875 0.034375
0 0.4322620375 0.5225 0.488525 0.52 0.48704444375 0.5516666671875 0.5122148140625 0.5533333328125 0.510734259375 0.5233333328125 0.5655166671875 0.5233333328125 0.56255555625 0.5066666671875 0.5118481484374999 0.505625 0.5151759265625 0.47583333281250006 0.48112222187500003 0.4766666671875 0.48260277812499996 0.5058333328125 0.43522314843750004 0.5066666671875 0.4322620375 0.5225
3 0.598090740625 0.6641666671875 0.64843148125 0.6858333328125 0.676296296875 0.6583333328125 0.6291833328124999 0.64 0.598090740625 0.6641666671875