2 0.26484375 0.46796875 0.0375 0.01875
4 0.84296875 0.75234375 0.028125 0.01875
4 0.73671875 0.45 0.0375 0.021875
4 0.846875 0.22890625 0.0359375 0.01875
4 0.8453125 0.78359375 0.0375 0.021875
4 0.1609375 0.584375 0.0375 0.021875
4 0.278125 0.3984375 0.0390625 0.0171875
4 0.76640625 0.696875 0.034375 0.01875
4 0.81796875 0.74453125 0.03125 0.01875
4 0.13671875 0.28046875 0.0375 0.0203125
1 0.43046875 0.50234375 0.0625 0.03125
0 0.40265000000000006 0.5291666671875 0.4589129625 0.5266666671875 0.45743240781249994 0.5583333328125 0.48260277812499996 0.5599999999999999 0.48112222187500003 0.53 0.5359046296875001 0.53 0.53294351875 0.5133333328125 0.48223611093749996 0.5122916671875 0.48556388906250003 0.48250000000000004 0.45151018593750003 0.48333333281249996 0.45299074062500005 0.5125 0.4056111109375 0.5133333328125 0.40265000000000006 0.5291666671875