2 0.6890625 0.5703125 0.01875 0.03125
4 0.72578125 0.4609375 0.01875 0.0328125
4 0.56640625 0.33515625 0.01875 0.0296875
4 0.4234375 0.234375 0.01875 0.0359375
4 0.3390625 0.52109375 0.021875 0.034375
4 0.34375 0.6578125 0.021875 0.034375
4 0.43984375 0.85234375 0.0171875 0.0328125
4 0.2796875 0.86875 0.01875 0.034375
4 0.75390625 0.54375 0.01875 0.03125
4 0.77578125 0.67890625 0.01875 0.0328125
1 0.49375 0.46640625 0.034375 0.0546875
0 0.5225 0.5677379625000001 0.52 0.511475 0.5516666671875 0.51295555625 0.5533333328125 0.48778518593750003 0.5233333328125 0.48926574062499995 0.5233333328125 0.43448333281249996 0.5066666671875 0.43744444375 0.505625 0.4881518515625 0.47583333281250006 0.48482407343749995 0.4766666671875 0.518877778125 0.5058333328125 0.517397221875 0.5066666671875 0.5647768515625 0.5225 0.5677379625000001
3 0.6641666671875 0.401909259375 0.6858333328125 0.35156851875 0.6583333328125 0.32370370312499996 0.64 0.3708166671875 0.6641666671875 0.401909259375