2 0.690625 0.5703125 0.01875 0.0375
4 0.728125 0.46015625 0.01875 0.0359375
4 0.56796875 0.334375 0.021875 0.0375
4 0.24453125 0.884375 0.01875 0.0359375
4 0.3390625 0.521875 0.021875 0.0375
4 0.2359375 0.59609375 0.021875 0.0375
4 0.440625 0.85234375 0.0171875 0.0328125
4 0.2796875 0.8703125 0.01875 0.034375
4 0.77578125 0.67734375 0.021875 0.0359375
4 0.75390625 0.54453125 0.0203125 0.0375
1 0.49375 0.4671875 0.0359375 0.053125
0 0.5241666671874999 0.5662574078125 0.5216666671875 0.5099944437499999 0.5533333328125 0.511475 0.5549999999999999 0.4863046296875 0.525 0.48778518593750003 0.525 0.433002778125 0.5083333328124999 0.4359638890625 0.5072916671875001 0.486671296875 0.47750000000000004 0.48334351875000003 0.4783333328125 0.517397221875 0.5075000000000001 0.5159166671875 0.5083333328124999 0.563296296875 0.5241666671874999 0.5662574078125