2 0.2953125 0.6859375 0.0375 0.01875
4 0.36171875 0.57265625 0.040625 0.01875
4 0.165625 0.38125 0.0375 0.021875
4 0.6921875 0.72578125 0.0359375 0.01875
4 0.53515625 0.3265625 0.0375 0.021875
4 0.440625 0.5765625 0.0375 0.021875
4 0.47890625 0.33203125 0.0390625 0.0171875
4 0.43671875 0.346875 0.034375 0.01875
4 0.35390625 0.76328125 0.040625 0.01875
4 0.86328125 0.71953125 0.0375 0.0203125
1 0.5109375 0.7015625 0.05625 0.040625
0 0.5736601859375 0.47583333281250006 0.517397221875 0.4783333328125 0.518877778125 0.44666666718750003 0.4937074078125 0.445 0.4951879625 0.475 0.44040555625 0.475 0.44336666718749995 0.4916666671875 0.4940740734375 0.4927083328125 0.490746296875 0.5225 0.5248 0.5216666671875 0.52331944375 0.4925 0.5706990734375 0.4916666671875 0.5736601859375 0.47583333281250006
3 0.7594657406249999 0.5475 0.718009259375 0.53 0.6829629625 0.553125 0.7268925921875 0.5741666671875 0.7594657406249999 0.5475