2 0.571875 0.30859375 0.0375 0.01875
4 0.54453125 0.2453125 0.0359375 0.01875
4 0.459375 0.27265625 0.0375 0.021875
4 0.33359375 0.43203125 0.0359375 0.01875
4 0.52421875 0.6609375 0.0375 0.021875
4 0.59765625 0.7640625 0.0375 0.021875
4 0.8671875 0.7203125 0.0328125 0.0171875
4 0.88359375 0.75703125 0.034375 0.01875
4 0.67578125 0.2234375 0.0359375 0.01875
4 0.853125 0.56015625 0.0375 0.0203125
1 0.46953125 0.50546875 0.05625 0.034375
0 0.5677379625000001 0.47583333281250006 0.511475 0.4783333328125 0.51295555625 0.44666666718750003 0.48778518593750003 0.445 0.48926574062499995 0.475 0.43448333281249996 0.475 0.43744444375 0.4916666671875 0.4881518515625 0.4927083328125 0.48482407343749995 0.5225 0.518877778125 0.5216666671875 0.517397221875 0.4925 0.5647768515625 0.4916666671875 0.5677379625000001 0.47583333281250006