2 0.428125 0.690625 0.0375 0.01875
4 0.54140625 0.72734375 0.040625 0.01875
4 0.665625 0.56796875 0.0375 0.021875
4 0.765625 0.42265625 0.0359375 0.01875
4 0.4765625 0.33984375 0.0375 0.021875
4 0.13203125 0.2796875 0.0375 0.021875
4 0.1484375 0.440625 0.03125 0.0171875
4 0.33984375 0.34453125 0.034375 0.01875
4 0.3234375 0.77578125 0.034375 0.01875
4 0.45546875 0.7546875 0.03125 0.01875
1 0.53203125 0.49453125 0.0546875 0.034375
0 0.4263398140625 0.5241666671874999 0.48260277812499996 0.5216666671875 0.48112222187500003 0.5533333328125 0.5062925921875 0.5549999999999999 0.5048120375 0.525 0.55959444375 0.525 0.5566333328125 0.5083333328124999 0.5059259265625 0.5072916671875001 0.509253703125 0.47750000000000004 0.47519999999999996 0.4783333328125 0.47668055625 0.5075000000000001 0.42930092656249996 0.5083333328124999 0.4263398140625 0.5241666671874999
3 0.71801944375 0.3508333328125 0.6617564812500001 0.335 0.6380666671874999 0.3675 0.6799999999999999 0.3791666671875 0.71801944375 0.3508333328125