3 0.54296875 0.33046875 0.065625 0.034375
2 0.44140625 0.428125 0.0375 0.01875
4 0.5875 0.21015625 0.040625 0.01875
4 0.26328125 0.325 0.0375 0.021875
4 0.26171875 0.76328125 0.0359375 0.01875
4 0.20625 0.2140625 0.0375 0.021875
4 0.828125 0.71953125 0.0375 0.021875
4 0.53671875 0.38046875 0.0390625 0.0171875
4 0.721875 0.26171875 0.034375 0.01875
4 0.47421875 0.3859375 0.040625 0.01875
4 0.86640625 0.71875 0.0375 0.0203125
1 0.55 0.50390625 0.0703125 0.03125
0 0.5736601859375 0.47583333281250006 0.517397221875 0.4783333328125 0.518877778125 0.44666666718750003 0.4937074078125 0.445 0.4951879625 0.475 0.44040555625 0.475 0.44336666718749995 0.4916666671875 0.4940740734375 0.4927083328125 0.490746296875 0.5225 0.5248 0.5216666671875 0.52331944375 0.4925 0.5706990734375 0.4916666671875 0.5736601859375 0.47583333281250006