2 0.31015625 0.43125 0.01875 0.03828125
4 0.2734375 0.53984375 0.01953125 0.04140625
4 0.4328125 0.6671875 0.021875 0.0375
4 0.57890625 0.76640625 0.01875 0.0359375
4 0.6609375 0.478125 0.02109375 0.03828125
4 0.7203125 0.13203125 0.021875 0.03828125
4 0.559375 0.1484375 0.0171875 0.034375
4 0.65546875 0.34140625 0.01953125 0.03359375
4 0.2453125 0.45703125 0.01953125 0.0328125
4 0.22421875 0.3234375 0.0203125 0.0375
1 0.50546875 0.53203125 0.03515625 0.0546875
0 0.49416666718749996 0.48260277812499996 0.4933333328125 0.43522314843750004 0.47750000000000004 0.4322620375 0.48 0.488525 0.4483333328125 0.48704444375 0.44666666718750003 0.5122148140625 0.4766666671875 0.510734259375 0.4766666671875 0.5655166671875 0.4933333328125 0.56255555625 0.49437499999999995 0.5118481484374999 0.5241666671874999 0.5151759265625 0.5233333328125 0.48112222187500003 0.49416666718749996 0.48260277812499996
3 0.5854166671875001 0.6374074078125 0.6125 0.5936481484375 0.5900000000000001 0.5566333328125 0.5641666671875 0.60549351875 0.5854166671875001 0.6374074078125