2 0.43125 0.68984375 0.0375 0.01875
4 0.45546875 0.7546875 0.0359375 0.01875
4 0.540625 0.72734375 0.0375 0.021875
4 0.66640625 0.56796875 0.0359375 0.01875
4 0.47578125 0.3390625 0.0375 0.021875
4 0.340625 0.34453125 0.0375 0.021875
4 0.1328125 0.2796875 0.0328125 0.0171875
4 0.76640625 0.42265625 0.034375 0.01875
4 0.32421875 0.7765625 0.0359375 0.01875
4 0.1484375 0.43984375 0.0375 0.0203125
0 0.4322620375 0.5241666671874999 0.488525 0.5216666671875 0.48704444375 0.5533333328125 0.5122148140625 0.5549999999999999 0.510734259375 0.525 0.5655166671875 0.525 0.56255555625 0.5083333328124999 0.5118481484374999 0.5072916671875001 0.5151759265625 0.47750000000000004 0.48112222187500003 0.4783333328125 0.48260277812499996 0.5075000000000001 0.43522314843750004 0.5083333328124999 0.4322620375 0.5241666671874999
1 0.5328125 0.49453125 0.05625 0.0375
3 0.56255555625 0.625 0.5744009265625001 0.6541666671875 0.6348129625000001 0.6479166671875001 0.6232611109375 0.6174999999999999 0.56255555625 0.625