2 0.428125 0.69140625 0.0375 0.01875
4 0.32421875 0.77578125 0.0390625 0.01875
4 0.6640625 0.5671875 0.0375 0.021875
4 0.54140625 0.7265625 0.0359375 0.01875
4 0.765625 0.4234375 0.0375 0.021875
4 0.3390625 0.34453125 0.0375 0.021875
4 0.47890625 0.33828125 0.034375 0.0171875
4 0.13125 0.2796875 0.034375 0.01875
4 0.45625 0.75390625 0.034375 0.01875
4 0.146875 0.43984375 0.0375 0.0203125
1 0.534375 0.49453125 0.05625 0.0390625
0 0.4337425921875 0.5225 0.49000555625000003 0.52 0.488525 0.5516666671875 0.5136953703125 0.5533333328125 0.5122148140625 0.5233333328125 0.566997221875 0.5233333328125 0.5640361109375001 0.5066666671875 0.513328703125 0.505625 0.51665648125 0.47583333281250006 0.48260277812499996 0.4766666671875 0.4840833328125 0.5058333328125 0.43670370312499995 0.5066666671875 0.4337425921875 0.5225
3 0.467796296875 0.4 0.5151759265625 0.4175 0.5411111109375 0.3945833328125 0.48556388906250003 0.3783333328125 0.467796296875 0.4