2 0.690625 0.5734375 0.01875 0.0375
4 0.3390625 0.5203125 0.01875 0.040625
4 0.23671875 0.5984375 0.021875 0.0375
4 0.24296875 0.884375 0.01875 0.0359375
4 0.7265625 0.4609375 0.021875 0.0375
4 0.43984375 0.85234375 0.021875 0.0375
4 0.775 0.67734375 0.0171875 0.0390625
4 0.75390625 0.54453125 0.01875 0.034375
4 0.5671875 0.3359375 0.01875 0.040625
4 0.28125 0.86796875 0.0203125 0.0375
1 0.49375 0.4671875 0.0359375 0.053125
0 0.5233333328125 0.5677379625000001 0.5208333328125 0.511475 0.5525 0.51295555625 0.5541666671875001 0.48778518593750003 0.5241666671874999 0.48926574062499995 0.5241666671874999 0.43448333281249996 0.5075000000000001 0.43744444375 0.5064583328125 0.4881518515625 0.4766666671875 0.48482407343749995 0.47750000000000004 0.518877778125 0.5066666671875 0.517397221875 0.5075000000000001 0.5647768515625 0.5233333328125 0.5677379625000001