2 0.31015625 0.43125 0.01875 0.0375
4 0.2453125 0.45546875 0.01875 0.0359375
4 0.27265625 0.540625 0.021875 0.0375
4 0.43203125 0.66640625 0.01875 0.0359375
4 0.6609375 0.47578125 0.021875 0.0375
4 0.75703125 0.115625 0.021875 0.0375
4 0.7203125 0.1328125 0.0171875 0.0328125
4 0.7640625 0.40390625 0.01875 0.034375
4 0.2234375 0.32421875 0.01875 0.0359375
4 0.5609375 0.16640625 0.0203125 0.0375
0 0.47583333281250006 0.4322620375 0.4783333328125 0.488525 0.44666666718750003 0.48704444375 0.445 0.5122148140625 0.475 0.510734259375 0.475 0.5655166671875 0.4916666671875 0.56255555625 0.4927083328125 0.5118481484374999 0.5225 0.5151759265625 0.5216666671875 0.48112222187500003 0.4925 0.48260277812499996 0.4916666671875 0.43522314843750004 0.47583333281250006 0.4322620375