2 0.30859375 0.428125 0.01875 0.03828125
4 0.22421875 0.32421875 0.01953125 0.0390625
4 0.4328125 0.6640625 0.021875 0.0375
4 0.2734375 0.54140625 0.01875 0.0359375
4 0.5765625 0.765625 0.02109375 0.03828125
4 0.65546875 0.3390625 0.021875 0.03828125
4 0.66171875 0.47890625 0.0171875 0.034375
4 0.7203125 0.13125 0.01953125 0.03359375
4 0.24609375 0.45625 0.01953125 0.034375
4 0.56015625 0.146875 0.0203125 0.0375
1 0.50546875 0.534375 0.0390625 0.05546875
0 0.49416666718749996 0.4840833328125 0.4933333328125 0.43670370312499995 0.47750000000000004 0.4337425921875 0.48 0.49000555625000003 0.4483333328125 0.488525 0.44666666718750003 0.5136953703125 0.4766666671875 0.5122148140625 0.4766666671875 0.566997221875 0.4933333328125 0.5640361109375001 0.49437499999999995 0.513328703125 0.5241666671874999 0.51665648125 0.5233333328125 0.48260277812499996 0.49416666718749996 0.4840833328125
3 0.6054166671875 0.5411111109375 0.6216666671875 0.48556388906250003 0.6 0.467796296875 0.5825 0.5151759265625 0.6054166671875 0.5411111109375