3 0.33046875 0.45703125 0.034375 0.065625
2 0.71328125 0.69609375 0.01875 0.0375
4 0.21015625 0.4125 0.01875 0.040625
4 0.45078125 0.70234375 0.021875 0.0375
4 0.76328125 0.73828125 0.01875 0.0359375
4 0.7671875 0.5390625 0.021875 0.0375
4 0.71953125 0.171875 0.021875 0.0375
4 0.38046875 0.46328125 0.0171875 0.0390625
4 0.26171875 0.278125 0.01875 0.034375
4 0.38515625 0.52578125 0.01875 0.040625
4 0.7203125 0.14140625 0.0203125 0.0375
1 0.51328125 0.31484375 0.03125 0.0703125
0 0.47583333281250006 0.4263398140625 0.4783333328125 0.48260277812499996 0.44666666718750003 0.48112222187500003 0.445 0.5062925921875 0.475 0.5048120375 0.475 0.55959444375 0.4916666671875 0.5566333328125 0.4927083328125 0.5059259265625 0.5225 0.509253703125 0.5216666671875 0.47519999999999996 0.4925 0.47668055625 0.4916666671875 0.42930092656249996 0.47583333281250006 0.4263398140625