2 0.5703125 0.309375 0.0375 0.01875
4 0.46015625 0.271875 0.0359375 0.01875
4 0.334375 0.43203125 0.0375 0.021875
4 0.23359375 0.57734375 0.0359375 0.01875
4 0.521875 0.6609375 0.0375 0.021875
4 0.659375 0.6546875 0.0375 0.021875
4 0.85234375 0.559375 0.0328125 0.0171875
4 0.8703125 0.7203125 0.034375 0.0203125
4 0.67734375 0.22421875 0.0359375 0.021875
4 0.54453125 0.24609375 0.0375 0.0203125
1 0.4671875 0.50625 0.053125 0.0359375
0 0.5662574078125 0.47583333281250006 0.5099944437499999 0.4783333328125 0.511475 0.44666666718750003 0.4863046296875 0.445 0.48778518593750003 0.475 0.433002778125 0.475 0.4359638890625 0.4916666671875 0.486671296875 0.4927083328125 0.48334351875000003 0.5225 0.517397221875 0.5216666671875 0.5159166671875 0.4925 0.563296296875 0.4916666671875 0.5662574078125 0.47583333281250006
3 0.431522221875 0.3758333328125 0.42411851875 0.3441666671875 0.3681481484375 0.35625 0.37970000000000004 0.38416666718750003 0.431522221875 0.3758333328125