2 0.5703125 0.30859375 0.0375 0.01875
4 0.459375 0.271875 0.034375 0.01875
4 0.3359375 0.43203125 0.0375 0.021875
4 0.54453125 0.24609375 0.0359375 0.01875
4 0.2328125 0.57890625 0.0375 0.021875
4 0.521875 0.66015625 0.0375 0.021875
4 0.659375 0.65546875 0.03125 0.0171875
4 0.8671875 0.72109375 0.034375 0.0203125
4 0.67578125 0.22421875 0.0328125 0.01875
4 0.8515625 0.5609375 0.0375 0.0203125
1 0.4671875 0.50625 0.05625 0.0359375
0 0.5706990734375 0.47583333281250006 0.5144361109375 0.4783333328125 0.5159166671875 0.44666666718750003 0.490746296875 0.445 0.4922268515625 0.475 0.43744444375 0.475 0.44040555625 0.4916666671875 0.4911129625 0.4927083328125 0.48778518593750003 0.5225 0.5218388890625001 0.5216666671875 0.5203583328125 0.4925 0.5677379625000001 0.4916666671875 0.5706990734375 0.47583333281250006
3 0.40931296250000004 0.38 0.39450648125 0.3458333328125 0.34407407343749996 0.353125 0.358972221875 0.385 0.40931296250000004 0.38