3 0.328125 0.45546875 0.03359375 0.065625
2 0.42265625 0.54921875 0.01875 0.03828125
4 0.21015625 0.4125 0.01953125 0.04140625
4 0.32578125 0.70859375 0.021875 0.0375
4 0.71640625 0.17265625 0.01875 0.0359375
4 0.21171875 0.80390625 0.02109375 0.03828125
4 0.38671875 0.52421875 0.021875 0.03828125
4 0.38046875 0.46484375 0.0171875 0.0390625
4 0.26171875 0.278125 0.01953125 0.03359375
4 0.76328125 0.7390625 0.01953125 0.040625
4 0.71953125 0.13671875 0.0203125 0.0375
1 0.50390625 0.45 0.03125 0.0703125
0 0.4925 0.47668055625 0.4916666671875 0.42930092656249996 0.47583333281250006 0.4263398140625 0.4783333328125 0.48260277812499996 0.44666666718750003 0.48112222187500003 0.445 0.5062925921875 0.475 0.5048120375 0.475 0.55959444375 0.4916666671875 0.5566333328125 0.4927083328125 0.5059259265625 0.5225 0.509253703125 0.5216666671875 0.47519999999999996 0.4925 0.47668055625