2 0.72265625 0.7703125 0.0375 0.01875
4 0.63828125 0.42734375 0.040625 0.01875
4 0.834375 0.61875 0.0375 0.021875
4 0.3078125 0.27421875 0.0359375 0.01875
4 0.46796875 0.6734375 0.0375 0.021875
4 0.559375 0.4234375 0.0375 0.021875
4 0.52109375 0.66796875 0.0390625 0.0171875
4 0.56328125 0.653125 0.034375 0.01875
4 0.771875 0.47421875 0.040625 0.01875
4 0.13671875 0.28046875 0.0375 0.0203125
1 0.47421875 0.3 0.05625 0.040625
0 0.4263398140625 0.5241666671874999 0.48260277812499996 0.5216666671875 0.48112222187500003 0.5533333328125 0.5062925921875 0.5549999999999999 0.5048120375 0.525 0.55959444375 0.525 0.5566333328125 0.5083333328124999 0.5059259265625 0.5072916671875001 0.509253703125 0.47750000000000004 0.47519999999999996 0.4783333328125 0.47668055625 0.5075000000000001 0.42930092656249996 0.5083333328124999 0.4263398140625 0.5241666671874999
3 0.240534259375 0.4525 0.281990740625 0.47000000000000003 0.3170370375 0.446875 0.2731074078125 0.4258333328125 0.240534259375 0.4525