3 0.54296875 0.33046875 0.065625 0.034375
2 0.53046875 0.62890625 0.0375 0.01875
4 0.3890625 0.303125 0.040625 0.01875
4 0.29765625 0.45078125 0.0375 0.021875
4 0.36640625 0.48515625 0.0359375 0.01875
4 0.30859375 0.6921875 0.0375 0.021875
4 0.48046875 0.72734375 0.0375 0.021875
4 0.6453125 0.5640625 0.0390625 0.0171875
4 0.70859375 0.63203125 0.034375 0.01875
4 0.7640625 0.36015625 0.040625 0.01875
4 0.8140625 0.44140625 0.0375 0.0203125
1 0.68515625 0.51328125 0.0703125 0.03125
0 0.5736601859375 0.47583333281250006 0.517397221875 0.4783333328125 0.518877778125 0.44666666718750003 0.4937074078125 0.445 0.4951879625 0.475 0.44040555625 0.475 0.44336666718749995 0.4916666671875 0.4940740734375 0.4927083328125 0.490746296875 0.5225 0.5248 0.5216666671875 0.52331944375 0.4925 0.5706990734375 0.4916666671875 0.5736601859375 0.47583333281250006