2 0.4265625 0.690625 0.0375 0.01875
4 0.4796875 0.3390625 0.040625 0.01875
4 0.4015625 0.2359375 0.0375 0.021875
4 0.115625 0.24375 0.0359375 0.01875
4 0.5390625 0.7265625 0.0375 0.021875
4 0.14765625 0.43984375 0.0375 0.021875
4 0.325 0.775 0.040625 0.01875
4 0.45546875 0.75390625 0.034375 0.01875
4 0.6640625 0.5671875 0.040625 0.01875
4 0.13359375 0.28125 0.0375 0.0203125
1 0.5328125 0.49375 0.053125 0.0359375
0 0.4322620375 0.5233333328125 0.488525 0.5208333328125 0.48704444375 0.5525 0.5122148140625 0.5541666671875001 0.510734259375 0.5241666671874999 0.5655166671875 0.5241666671874999 0.56255555625 0.5075000000000001 0.5118481484374999 0.5064583328125 0.5151759265625 0.4766666671875 0.48112222187500003 0.47750000000000004 0.48260277812499996 0.5066666671875 0.43522314843750004 0.5075000000000001 0.4322620375 0.5233333328125