2 0.22890625 0.65859375 0.01875 0.03828125
4 0.57265625 0.63828125 0.01953125 0.04140625
4 0.38125 0.834375 0.021875 0.0375
4 0.72578125 0.3078125 0.01875 0.0359375
4 0.3265625 0.46796875 0.02109375 0.03828125
4 0.5765625 0.559375 0.021875 0.03828125
4 0.33203125 0.52109375 0.0171875 0.0390625
4 0.346875 0.56328125 0.01953125 0.03359375
4 0.52734375 0.765625 0.01953125 0.040625
4 0.71953125 0.13671875 0.0203125 0.0375
1 0.7 0.47421875 0.040625 0.05703125
0 0.4925 0.47668055625 0.4916666671875 0.42930092656249996 0.47583333281250006 0.4263398140625 0.4783333328125 0.48260277812499996 0.44666666718750003 0.48112222187500003 0.445 0.5062925921875 0.475 0.5048120375 0.475 0.55959444375 0.4916666671875 0.5566333328125 0.4927083328125 0.5059259265625 0.5225 0.509253703125 0.5216666671875 0.47519999999999996 0.4925 0.47668055625
3 0.553125 0.3170370375 0.5741666671875 0.2731074078125 0.5475 0.240534259375 0.53 0.281990740625 0.553125 0.3170370375