2 0.31015625 0.4296875 0.01875 0.0375
4 0.271875 0.53984375 0.01875 0.0359375
4 0.43203125 0.665625 0.021875 0.0375
4 0.76484375 0.40234375 0.01875 0.0359375
4 0.66171875 0.478125 0.021875 0.0375
4 0.7578125 0.115625 0.021875 0.0375
4 0.56015625 0.16328125 0.0171875 0.03125
4 0.7203125 0.1328125 0.01875 0.034375
4 0.24609375 0.45703125 0.01875 0.0359375
4 0.225 0.3234375 0.0203125 0.0375
0 0.47583333281250006 0.4337425921875 0.4783333328125 0.49000555625000003 0.44666666718750003 0.488525 0.445 0.5136953703125 0.475 0.5122148140625 0.475 0.566997221875 0.4916666671875 0.5640361109375001 0.4927083328125 0.513328703125 0.5225 0.51665648125 0.5216666671875 0.48260277812499996 0.4925 0.4840833328125 0.4916666671875 0.43670370312499995 0.47583333281250006 0.4337425921875