2 0.3109375 0.4296875 0.01875 0.03203125
4 0.27421875 0.5390625 0.01796875 0.0328125
4 0.43359375 0.66484375 0.01796875 0.0296875
4 0.5765625 0.765625 0.01875 0.0359375
4 0.6609375 0.47890625 0.02109375 0.03359375
4 0.65625 0.3421875 0.02109375 0.03515625
4 0.56015625 0.14765625 0.0171875 0.0328125
4 0.7203125 0.13125 0.01953125 0.03359375
4 0.24609375 0.45625 0.01953125 0.03125
4 0.22421875 0.32109375 0.01796875 0.0328125
1 0.50625 0.53359375 0.03515625 0.0546875
0 0.49416666718749996 0.48260277812499996 0.4933333328125 0.43522314843750004 0.47750000000000004 0.4322620375 0.48 0.488525 0.4483333328125 0.48704444375 0.44666666718750003 0.5122148140625 0.4766666671875 0.510734259375 0.4766666671875 0.5655166671875 0.4933333328125 0.56255555625 0.49437499999999995 0.5118481484374999 0.5241666671874999 0.5151759265625 0.5233333328125 0.48112222187500003 0.49416666718749996 0.48260277812499996
3 0.3416666671875 0.676296296875 0.36 0.6291833328124999 0.3358333328125 0.598090740625 0.31416666718749997 0.64843148125 0.3416666671875 0.676296296875