2 0.5703125 0.31015625 0.0375 0.01875
4 0.46015625 0.271875 0.0359375 0.01875
4 0.334375 0.43203125 0.0375 0.021875
4 0.234375 0.578125 0.0359375 0.01875
4 0.521875 0.66171875 0.0375 0.021875
4 0.659375 0.6546875 0.0375 0.021875
4 0.853125 0.559375 0.03125 0.0171875
4 0.8671875 0.7203125 0.034375 0.0203125
4 0.54296875 0.24609375 0.0359375 0.01875
4 0.6765625 0.225 0.0375 0.0203125
1 0.4671875 0.50546875 0.05625 0.034375
0 0.56921851875 0.47583333281250006 0.51295555625 0.4783333328125 0.5144361109375 0.44666666718750003 0.48926574062499995 0.445 0.490746296875 0.475 0.4359638890625 0.475 0.43892499999999995 0.4916666671875 0.48963240781249995 0.4927083328125 0.4863046296875 0.5225 0.5203583328125 0.5216666671875 0.518877778125 0.4925 0.5662574078125 0.4916666671875 0.56921851875 0.47583333281250006
3 0.433002778125 0.5974999999999999 0.3900648140625 0.5775 0.35148148125 0.6041666671875 0.40042870312499995 0.6241666671874999 0.433002778125 0.5974999999999999