2 0.53203125 0.26484375 0.01875 0.03828125
4 0.24765625 0.84296875 0.01953125 0.028125
4 0.55 0.73671875 0.021875 0.0375
4 0.77109375 0.846875 0.01875 0.0359375
4 0.21640625 0.8453125 0.02109375 0.03828125
4 0.415625 0.1609375 0.021875 0.03828125
4 0.6015625 0.278125 0.0171875 0.0390625
4 0.303125 0.76640625 0.01953125 0.03359375
4 0.25546875 0.81796875 0.01953125 0.03125
4 0.71953125 0.13671875 0.0203125 0.0375
1 0.49765625 0.43046875 0.03125 0.06171875
0 0.4875 0.45299074062500005 0.48666666718749996 0.4056111109375 0.47083333281249995 0.40265000000000006 0.4733333328125 0.4589129625 0.44166666718750003 0.45743240781249994 0.44000000000000006 0.48260277812499996 0.47000000000000003 0.48112222187500003 0.47000000000000003 0.5359046296875001 0.48666666718749996 0.53294351875 0.4877083328125 0.48223611093749996 0.5175 0.48556388906250003 0.5166666671875 0.45151018593750003 0.4875 0.45299074062500005
3 0.6645833328124999 0.30037037031249997 0.6983333328125 0.2886425921875 0.6866666671874999 0.2383018515625 0.6558333328125 0.250147221875 0.6645833328124999 0.30037037031249997