2 0.69140625 0.571875 0.01875 0.0375
4 0.77578125 0.67578125 0.01875 0.0390625
4 0.5671875 0.3359375 0.021875 0.0375
4 0.7265625 0.45859375 0.01875 0.0359375
4 0.4234375 0.234375 0.021875 0.0375
4 0.34453125 0.6609375 0.021875 0.0375
4 0.33828125 0.52109375 0.0171875 0.034375
4 0.2796875 0.86875 0.01875 0.034375
4 0.75390625 0.54375 0.01875 0.034375
4 0.43984375 0.853125 0.0203125 0.0375
1 0.49453125 0.465625 0.0390625 0.05625
0 0.5225 0.5662574078125 0.52 0.5099944437499999 0.5516666671875 0.511475 0.5533333328125 0.4863046296875 0.5233333328125 0.48778518593750003 0.5233333328125 0.433002778125 0.5066666671875 0.4359638890625 0.505625 0.486671296875 0.47583333281250006 0.48334351875000003 0.4766666671875 0.517397221875 0.5058333328125 0.5159166671875 0.5066666671875 0.563296296875 0.5225 0.5662574078125
3 0.4 0.532203703125 0.4175 0.48482407343749995 0.3945833328125 0.4588888890625 0.3783333328125 0.5144361109375 0.4 0.532203703125