3 0.66953125 0.54296875 0.034375 0.065625
2 0.37109375 0.53046875 0.01875 0.0375
4 0.696875 0.3890625 0.01875 0.040625
4 0.54921875 0.29765625 0.021875 0.0375
4 0.51484375 0.36640625 0.01875 0.0359375
4 0.3078125 0.30859375 0.021875 0.0375
4 0.27265625 0.48046875 0.021875 0.0375
4 0.4359375 0.6453125 0.0171875 0.0390625
4 0.36796875 0.70859375 0.01875 0.034375
4 0.63984375 0.7640625 0.01875 0.040625
4 0.55859375 0.8140625 0.0203125 0.0375
1 0.48671875 0.68515625 0.03125 0.0703125
0 0.5241666671874999 0.5736601859375 0.5216666671875 0.517397221875 0.5533333328125 0.518877778125 0.5549999999999999 0.4937074078125 0.525 0.4951879625 0.525 0.44040555625 0.5083333328124999 0.44336666718749995 0.5072916671875001 0.4940740734375 0.47750000000000004 0.490746296875 0.4783333328125 0.5248 0.5075000000000001 0.52331944375 0.5083333328124999 0.5706990734375 0.5241666671874999 0.5736601859375