2 0.428125 0.690625 0.0375 0.01875
4 0.53984375 0.72734375 0.0359375 0.01875
4 0.45625 0.75390625 0.0375 0.021875
4 0.66640625 0.56875 0.0359375 0.01875
4 0.478125 0.33984375 0.0375 0.021875
4 0.146875 0.43984375 0.0375 0.021875
4 0.13359375 0.2796875 0.0375 0.0171875
4 0.76640625 0.42265625 0.034375 0.01875
4 0.32265625 0.7765625 0.0359375 0.01875
4 0.34140625 0.34375 0.0375 0.0203125
1 0.5328125 0.49375 0.053125 0.0375
0 0.4337425921875 0.5241666671874999 0.49000555625000003 0.5216666671875 0.488525 0.5533333328125 0.5136953703125 0.5549999999999999 0.5122148140625 0.525 0.566997221875 0.525 0.5640361109375001 0.5083333328124999 0.513328703125 0.5072916671875001 0.51665648125 0.47750000000000004 0.48260277812499996 0.4783333328125 0.4840833328125 0.5075000000000001 0.43670370312499995 0.5083333328124999 0.4337425921875 0.5241666671874999
3 0.5581138890624999 0.41166666718749995 0.60549351875 0.43583333281250003 0.6392592593749999 0.4145833328125 0.5906870375 0.3883333328125 0.5581138890624999 0.41166666718749995