2 0.309375 0.428125 0.01875 0.03828125
4 0.27265625 0.54140625 0.01953125 0.04140625
4 0.43203125 0.665625 0.021875 0.0375
4 0.57734375 0.765625 0.01875 0.0359375
4 0.66015625 0.4765625 0.02109375 0.03828125
4 0.7203125 0.13203125 0.021875 0.03828125
4 0.559375 0.1484375 0.0171875 0.03125
4 0.65546875 0.33984375 0.01953125 0.03359375
4 0.22421875 0.3234375 0.01953125 0.034375
4 0.2453125 0.45546875 0.01875 0.03125
1 0.50546875 0.53203125 0.03515625 0.0546875
0 0.4925 0.47668055625 0.4916666671875 0.42930092656249996 0.47583333281250006 0.4263398140625 0.4783333328125 0.48260277812499996 0.44666666718750003 0.48112222187500003 0.445 0.5062925921875 0.475 0.5048120375 0.475 0.55959444375 0.4916666671875 0.5566333328125 0.4927083328125 0.5059259265625 0.5225 0.509253703125 0.5216666671875 0.47519999999999996 0.4925 0.47668055625
3 0.5739583328125 0.602222221875 0.5966666671875 0.6454703703125 0.6166666671875001 0.6040129624999999 0.5941666671875 0.5655166671875 0.5739583328125 0.602222221875