2 0.6859375 0.7046875 0.01875 0.03828125
4 0.3265625 0.46875 0.01953125 0.04140625
4 0.34765625 0.56328125 0.021875 0.0375
4 0.72578125 0.3078125 0.01875 0.0359375
4 0.57265625 0.63515625 0.02109375 0.03828125
4 0.5765625 0.5578125 0.021875 0.03828125
4 0.33359375 0.51796875 0.0171875 0.0390625
4 0.7625 0.64375 0.01953125 0.03359375
4 0.38203125 0.83671875 0.01953125 0.040625
4 0.71953125 0.13671875 0.0203125 0.0375
1 0.70078125 0.471875 0.0421875 0.05
0 0.4925 0.47668055625 0.4916666671875 0.42930092656249996 0.47583333281250006 0.4263398140625 0.4783333328125 0.48260277812499996 0.44666666718750003 0.48112222187500003 0.445 0.5062925921875 0.475 0.5048120375 0.475 0.55959444375 0.4916666671875 0.5566333328125 0.4927083328125 0.5059259265625 0.5225 0.509253703125 0.5216666671875 0.47519999999999996 0.4925 0.47668055625
3 0.5275000000000001 0.2812351859375 0.5520833328125 0.320740740625 0.5708333328124999 0.27235185156249997 0.5475 0.2368166671875 0.5275000000000001 0.2812351859375