2 0.68984375 0.56875 0.01875 0.0375
4 0.7546875 0.54453125 0.01875 0.0359375
4 0.72734375 0.459375 0.021875 0.0375
4 0.56796875 0.33359375 0.01875 0.0359375
4 0.3390625 0.52421875 0.021875 0.0375
4 0.34453125 0.659375 0.021875 0.0375
4 0.2796875 0.8671875 0.0171875 0.0328125
4 0.42265625 0.23359375 0.01875 0.034375
4 0.7765625 0.67578125 0.01875 0.0359375
4 0.43984375 0.8515625 0.0203125 0.0375
0 0.5241666671874999 0.5677379625000001 0.5216666671875 0.511475 0.5533333328125 0.51295555625 0.5549999999999999 0.48778518593750003 0.525 0.48926574062499995 0.525 0.43448333281249996 0.5083333328124999 0.43744444375 0.5072916671875001 0.4881518515625 0.47750000000000004 0.48482407343749995 0.4783333328125 0.518877778125 0.5075000000000001 0.517397221875 0.5083333328124999 0.5647768515625 0.5241666671874999 0.5677379625000001
1 0.49453125 0.4671875 0.0375 0.05625
3 0.4066666671875 0.44040555625 0.4266666671875 0.39894814843750004 0.40208333281249997 0.3570370375 0.38333333281250004 0.4033898140625 0.4066666671875 0.44040555625