2 0.6859375 0.7046875 0.01875 0.03828125
4 0.21015625 0.4125 0.01953125 0.04140625
4 0.3265625 0.71875 0.021875 0.0375
4 0.71796875 0.29765625 0.01875 0.0359375
4 0.21484375 0.7953125 0.02109375 0.03828125
4 0.4015625 0.30625 0.021875 0.03828125
4 0.33359375 0.51328125 0.0171875 0.0390625
4 0.26171875 0.278125 0.01953125 0.03359375
4 0.22578125 0.74375 0.01953125 0.040625
4 0.71953125 0.13671875 0.0203125 0.0375
1 0.50390625 0.45 0.03125 0.0703125
0 0.4925 0.47668055625 0.4916666671875 0.42930092656249996 0.47583333281250006 0.4263398140625 0.4783333328125 0.48260277812499996 0.44666666718750003 0.48112222187500003 0.445 0.5062925921875 0.475 0.5048120375 0.475 0.55959444375 0.4916666671875 0.5566333328125 0.4927083328125 0.5059259265625 0.5225 0.509253703125 0.5216666671875 0.47519999999999996 0.4925 0.47668055625
3 0.6083333328125 0.6839657406249999 0.64125 0.66148148125 0.6241666671874999 0.6099351859375 0.5974999999999999 0.633625 0.6083333328125 0.6839657406249999