2 0.571875 0.309375 0.0375 0.01875
4 0.45859375 0.27265625 0.040625 0.01875
4 0.334375 0.43203125 0.0375 0.021875
4 0.234375 0.57734375 0.0359375 0.01875
4 0.5234375 0.66015625 0.0375 0.021875
4 0.86796875 0.7203125 0.0375 0.021875
4 0.8515625 0.559375 0.03125 0.0171875
4 0.66015625 0.65546875 0.034375 0.01875
4 0.6765625 0.22421875 0.034375 0.01875
4 0.54453125 0.2453125 0.03125 0.01875
1 0.46796875 0.50546875 0.0546875 0.034375
0 0.5736601859375 0.47583333281250006 0.517397221875 0.4783333328125 0.518877778125 0.44666666718750003 0.4937074078125 0.445 0.4951879625 0.475 0.44040555625 0.475 0.44336666718749995 0.4916666671875 0.4940740734375 0.4927083328125 0.490746296875 0.5225 0.5248 0.5216666671875 0.52331944375 0.4925 0.5706990734375 0.4916666671875 0.5736601859375 0.47583333281250006
3 0.28198055625 0.6491666671874999 0.33824351875 0.665 0.3619333328125 0.6325000000000001 0.32 0.6208333328125 0.28198055625 0.6491666671874999