2 0.73515625 0.53203125 0.0375 0.01875
4 0.15703125 0.24765625 0.028125 0.01875
4 0.26328125 0.55 0.0375 0.021875
4 0.153125 0.77109375 0.0359375 0.01875
4 0.1546875 0.21640625 0.0375 0.021875
4 0.8390625 0.415625 0.0375 0.021875
4 0.721875 0.6015625 0.0390625 0.0171875
4 0.23359375 0.303125 0.034375 0.01875
4 0.18203125 0.25546875 0.03125 0.01875
4 0.86328125 0.71953125 0.0375 0.0203125
1 0.56953125 0.49765625 0.0625 0.03125
0 0.5973499999999999 0.47083333281249995 0.5410870375 0.4733333328125 0.5425675921875001 0.44166666718750003 0.517397221875 0.44000000000000006 0.518877778125 0.47000000000000003 0.4640953703125 0.47000000000000003 0.46705648125000004 0.48666666718749996 0.5177638890625 0.4877083328125 0.5144361109375 0.5175 0.5484898140625 0.5166666671875 0.547009259375 0.4875 0.5943888890625 0.48666666718749996 0.5973499999999999 0.47083333281249995
3 0.7616981484374999 0.6866666671874999 0.749852778125 0.6558333328125 0.6996296296875 0.6645833328124999 0.7113574078125 0.6983333328125 0.7616981484374999 0.6866666671874999