2 0.7046875 0.3140625 0.0375 0.01875
4 0.4125 0.78984375 0.040625 0.01875
4 0.71875 0.6734375 0.0375 0.021875
4 0.3015625 0.27890625 0.0359375 0.01875
4 0.8 0.7890625 0.0375 0.021875
4 0.30625 0.5984375 0.0375 0.021875
4 0.51328125 0.66640625 0.0390625 0.0171875
4 0.278125 0.73828125 0.034375 0.01875
4 0.72890625 0.77265625 0.040625 0.01875
4 0.13671875 0.28046875 0.0375 0.0203125
1 0.45 0.49609375 0.0703125 0.03125
0 0.4263398140625 0.5241666671874999 0.48260277812499996 0.5216666671875 0.48112222187500003 0.5533333328125 0.5062925921875 0.5549999999999999 0.5048120375 0.525 0.55959444375 0.525 0.5566333328125 0.5083333328124999 0.5059259265625 0.5072916671875001 0.509253703125 0.47750000000000004 0.47519999999999996 0.4783333328125 0.47668055625 0.5075000000000001 0.42930092656249996 0.5083333328124999 0.4263398140625 0.5241666671874999
3 0.6099351859375 0.3758333328125 0.633625 0.4025 0.6839657406249999 0.3916666671875 0.66148148125 0.35875 0.6099351859375 0.3758333328125