2 0.571875 0.31015625 0.0375 0.021875
4 0.45859375 0.27265625 0.0328125 0.01875
4 0.3359375 0.4328125 0.0375 0.021875
4 0.23359375 0.578125 0.0359375 0.01875
4 0.5234375 0.66171875 0.0375 0.021875
4 0.8671875 0.71953125 0.0375 0.021875
4 0.85234375 0.559375 0.0390625 0.01875
4 0.66015625 0.65546875 0.034375 0.01875
4 0.54296875 0.2453125 0.0359375 0.01875
4 0.678125 0.225 0.0375 0.0203125
1 0.46875 0.50546875 0.053125 0.0375
0 0.5647768515625 0.47583333281250006 0.5085138890625001 0.4783333328125 0.5099944437499999 0.44666666718750003 0.48482407343749995 0.445 0.4863046296875 0.475 0.431522221875 0.475 0.43448333281249996 0.4916666671875 0.48519074062499995 0.4927083328125 0.4818629625 0.5225 0.5159166671875 0.5216666671875 0.5144361109375 0.4925 0.561815740625 0.4916666671875 0.5647768515625 0.47583333281250006
3 0.4063518515625 0.38333333281250004 0.3915453703125 0.3441666671875 0.3459259265625 0.35208333281250004 0.35749166718750003 0.3891666671875 0.4063518515625 0.38333333281250004