2 0.56875 0.31015625 0.0375 0.01875
4 0.46015625 0.2734375 0.040625 0.01875
4 0.3328125 0.4328125 0.0375 0.021875
4 0.23359375 0.57890625 0.0359375 0.01875
4 0.521875 0.6609375 0.0375 0.021875
4 0.86796875 0.7203125 0.0375 0.021875
4 0.8515625 0.559375 0.034375 0.0171875
4 0.65859375 0.65546875 0.034375 0.01875
4 0.54296875 0.2453125 0.0328125 0.01875
4 0.6765625 0.22421875 0.0375 0.0203125
1 0.46796875 0.50546875 0.0546875 0.034375
0 0.5677379625000001 0.47750000000000004 0.511475 0.48 0.51295555625 0.4483333328125 0.48778518593750003 0.44666666718750003 0.48926574062499995 0.4766666671875 0.43448333281249996 0.4766666671875 0.43744444375 0.4933333328125 0.4881518515625 0.49437499999999995 0.48482407343749995 0.5241666671874999 0.518877778125 0.5233333328125 0.517397221875 0.49416666718749996 0.5647768515625 0.4933333328125 0.5677379625000001 0.47750000000000004
3 0.44336666718749995 0.5900000000000001 0.39450648125 0.5641666671875 0.3625925921875 0.5854166671875001 0.4063518515625 0.6125 0.44336666718749995 0.5900000000000001