2 0.76875 0.321875 0.01875 0.0375
4 0.42734375 0.36171875 0.01875 0.040625
4 0.61875 0.165625 0.021875 0.0375
4 0.27421875 0.6921875 0.01875 0.0359375
4 0.6734375 0.53203125 0.021875 0.0375
4 0.4234375 0.440625 0.021875 0.0375
4 0.66796875 0.47890625 0.0171875 0.0390625
4 0.6546875 0.43671875 0.01875 0.034375
4 0.475 0.2296875 0.01875 0.040625
4 0.28046875 0.86328125 0.0203125 0.0375
1 0.3 0.52578125 0.040625 0.05625
0 0.5241666671874999 0.5736601859375 0.5216666671875 0.517397221875 0.5533333328125 0.518877778125 0.5549999999999999 0.4937074078125 0.525 0.4951879625 0.525 0.44040555625 0.5083333328124999 0.44336666718749995 0.5072916671875001 0.4940740734375 0.47750000000000004 0.490746296875 0.4783333328125 0.5248 0.5075000000000001 0.52331944375 0.5083333328124999 0.5706990734375 0.5241666671874999 0.5736601859375
3 0.4525 0.7594657406249999 0.47000000000000003 0.718009259375 0.446875 0.6829629625 0.4258333328125 0.7268925921875 0.4525 0.7594657406249999