2 0.6859375 0.7046875 0.01875 0.0375
4 0.23203125 0.7375 0.01875 0.040625
4 0.3265625 0.721875 0.021875 0.0375
4 0.72578125 0.3078125 0.01875 0.0359375
4 0.209375 0.41640625 0.021875 0.0375
4 0.40234375 0.3046875 0.021875 0.0375
4 0.33359375 0.51328125 0.0171875 0.0390625
4 0.26015625 0.278125 0.01875 0.034375
4 0.21171875 0.79375 0.01875 0.040625
4 0.71953125 0.13671875 0.0203125 0.0375
1 0.50390625 0.45234375 0.03125 0.05625
0 0.47583333281250006 0.4263398140625 0.4783333328125 0.48260277812499996 0.44666666718750003 0.48112222187500003 0.445 0.5062925921875 0.475 0.5048120375 0.475 0.55959444375 0.4916666671875 0.5566333328125 0.4927083328125 0.5059259265625 0.5225 0.509253703125 0.5216666671875 0.47519999999999996 0.4925 0.47668055625 0.4916666671875 0.42930092656249996 0.47583333281250006 0.4263398140625
3 0.6233333328125 0.6084546296875 0.595 0.6380666671874999 0.6058333328125001 0.6824851859375001 0.6395833328125 0.657777778125 0.6233333328125 0.6084546296875