2 0.30859375 0.4296875 0.01875 0.0375
4 0.271875 0.540625 0.01875 0.034375
4 0.43203125 0.6640625 0.021875 0.0375
4 0.24609375 0.45546875 0.01875 0.0359375
4 0.57890625 0.7671875 0.021875 0.0375
4 0.66015625 0.478125 0.021875 0.0375
4 0.65546875 0.340625 0.0171875 0.03125
4 0.72109375 0.1328125 0.01875 0.034375
4 0.22421875 0.32421875 0.01875 0.0328125
4 0.5609375 0.1484375 0.0203125 0.0375
1 0.50625 0.5328125 0.0359375 0.05625
0 0.47583333281250006 0.42930092656249996 0.4783333328125 0.48556388906250003 0.44666666718750003 0.4840833328125 0.445 0.509253703125 0.475 0.5077731484375 0.475 0.56255555625 0.4916666671875 0.55959444375 0.4927083328125 0.5088870375 0.5225 0.5122148140625 0.5216666671875 0.47816111093749997 0.4925 0.4796416671875 0.4916666671875 0.4322620375 0.47583333281250006 0.42930092656249996
3 0.38 0.5906870375 0.3458333328125 0.60549351875 0.353125 0.6559259265625 0.385 0.641027778125 0.38 0.5906870375