2 0.31015625 0.4296875 0.01875 0.0375
4 0.271875 0.53984375 0.01875 0.0359375
4 0.43203125 0.665625 0.021875 0.0375
4 0.578125 0.765625 0.01875 0.0359375
4 0.66171875 0.478125 0.021875 0.0375
4 0.6546875 0.340625 0.021875 0.0375
4 0.559375 0.146875 0.0171875 0.03125
4 0.7203125 0.1328125 0.01875 0.034375
4 0.24609375 0.45703125 0.01875 0.0359375
4 0.225 0.3234375 0.0203125 0.0375
1 0.50546875 0.5328125 0.034375 0.05625
0 0.47583333281250006 0.43078148125000004 0.4783333328125 0.48704444375 0.44666666718750003 0.48556388906250003 0.445 0.510734259375 0.475 0.509253703125 0.475 0.5640361109375001 0.4916666671875 0.561075 0.4927083328125 0.5103675921875 0.5225 0.5136953703125 0.5216666671875 0.4796416671875 0.4925 0.48112222187500003 0.4916666671875 0.4337425921875 0.47583333281250006 0.43078148125000004
3 0.5974999999999999 0.566997221875 0.5775 0.6099351859375 0.6041666671875 0.64851851875 0.6241666671874999 0.599571296875 0.5974999999999999 0.566997221875