2 0.690625 0.571875 0.01875 0.0375
4 0.72734375 0.45859375 0.01875 0.040625
4 0.56796875 0.334375 0.021875 0.0375
4 0.42265625 0.234375 0.01875 0.0359375
4 0.33984375 0.5234375 0.021875 0.0375
4 0.2796875 0.86796875 0.021875 0.0375
4 0.440625 0.8515625 0.0171875 0.03125
4 0.34453125 0.66015625 0.01875 0.034375
4 0.77578125 0.6765625 0.01875 0.034375
4 0.7546875 0.54453125 0.01875 0.03125
1 0.49453125 0.46796875 0.034375 0.0546875
0 0.5241666671874999 0.5736601859375 0.5216666671875 0.517397221875 0.5533333328125 0.518877778125 0.5549999999999999 0.4937074078125 0.525 0.4951879625 0.525 0.44040555625 0.5083333328124999 0.44336666718749995 0.5072916671875001 0.4940740734375 0.47750000000000004 0.490746296875 0.4783333328125 0.5248 0.5075000000000001 0.52331944375 0.5083333328124999 0.5706990734375 0.5241666671874999 0.5736601859375
3 0.38333333281250004 0.39598703749999997 0.4058333328125 0.43448333281249996 0.42604166718750003 0.397777778125 0.4033333328125 0.3545296296875 0.38333333281250004 0.39598703749999997