2 0.3140625 0.2953125 0.01875 0.0375
4 0.78984375 0.5875 0.01875 0.040625
4 0.6734375 0.28125 0.021875 0.0375
4 0.27265625 0.68671875 0.01875 0.0359375
4 0.7890625 0.2 0.021875 0.0375
4 0.5984375 0.69375 0.021875 0.0375
4 0.66640625 0.48671875 0.0171875 0.0390625
4 0.73828125 0.721875 0.01875 0.034375
4 0.7703125 0.27734375 0.01875 0.040625
4 0.28046875 0.86328125 0.0203125 0.0375
1 0.49609375 0.55 0.03125 0.0703125
0 0.5241666671874999 0.5736601859375 0.5216666671875 0.517397221875 0.5533333328125 0.518877778125 0.5549999999999999 0.4937074078125 0.525 0.4951879625 0.525 0.44040555625 0.5083333328124999 0.44336666718749995 0.5072916671875001 0.4940740734375 0.47750000000000004 0.490746296875 0.4783333328125 0.5248 0.5075000000000001 0.52331944375 0.5083333328124999 0.5706990734375 0.5241666671874999 0.5736601859375
3 0.3758333328125 0.3900648140625 0.4025 0.366375 0.3916666671875 0.31603425937499996 0.35875 0.33851851875 0.3758333328125 0.3900648140625