2 0.309375 0.4265625 0.01875 0.03828125
4 0.6609375 0.4796875 0.01953125 0.04140625
4 0.578125 0.765625 0.021875 0.0375
4 0.65546875 0.34140625 0.01875 0.0359375
4 0.2734375 0.5390625 0.02109375 0.03828125
4 0.56015625 0.14765625 0.021875 0.03828125
4 0.225 0.32265625 0.0171875 0.0390625
4 0.24609375 0.45546875 0.01953125 0.03359375
4 0.4328125 0.6640625 0.01953125 0.040625
4 0.71875 0.13203125 0.0203125 0.0375
1 0.50625 0.5328125 0.0359375 0.053125
0 0.4933333328125 0.48260277812499996 0.4925 0.43522314843750004 0.4766666671875 0.4322620375 0.4791666671875 0.488525 0.44749999999999995 0.48704444375 0.4458333328125 0.5122148140625 0.47583333281250006 0.510734259375 0.47583333281250006 0.5655166671875 0.4925 0.56255555625 0.49354166718750003 0.5118481484374999 0.5233333328125 0.5151759265625 0.5225 0.48112222187500003 0.4933333328125 0.48260277812499996
3 0.3389583328125 0.6797870374999999 0.36 0.6358574078125 0.3333333328125 0.603284259375 0.3158333328125 0.644740740625 0.3389583328125 0.6797870374999999