2 0.3140625 0.2953125 0.01875 0.0375
4 0.6734375 0.53125 0.01875 0.040625
4 0.65234375 0.43671875 0.021875 0.0375
4 0.27421875 0.6921875 0.01875 0.0359375
4 0.42734375 0.36484375 0.021875 0.0375
4 0.4234375 0.4421875 0.021875 0.0375
4 0.66640625 0.48203125 0.0171875 0.0390625
4 0.2375 0.35625 0.01875 0.034375
4 0.61796875 0.16328125 0.01875 0.040625
4 0.28046875 0.86328125 0.0203125 0.0375
1 0.29921875 0.528125 0.0421875 0.05
0 0.5241666671874999 0.5736601859375 0.5216666671875 0.517397221875 0.5533333328125 0.518877778125 0.5549999999999999 0.4937074078125 0.525 0.4951879625 0.525 0.44040555625 0.5083333328124999 0.44336666718749995 0.5072916671875001 0.4940740734375 0.47750000000000004 0.490746296875 0.4783333328125 0.5248 0.5075000000000001 0.52331944375 0.5083333328124999 0.5706990734375 0.5241666671874999 0.5736601859375
3 0.4291666671875 0.7276481484375 0.4525 0.7631833328125001 0.4725 0.7187648140625 0.4479166671875 0.679259259375 0.4291666671875 0.7276481484375