2 0.46796875 0.73515625 0.01875 0.0375
4 0.75234375 0.15703125 0.01875 0.028125
4 0.45 0.26328125 0.021875 0.0375
4 0.22890625 0.153125 0.01875 0.0359375
4 0.78359375 0.1546875 0.021875 0.0375
4 0.584375 0.8390625 0.021875 0.0375
4 0.3984375 0.721875 0.0171875 0.0390625
4 0.696875 0.23359375 0.01875 0.034375
4 0.74453125 0.18203125 0.01875 0.03125
4 0.28046875 0.86328125 0.0203125 0.0375
1 0.50234375 0.56953125 0.03125 0.0625
0 0.5291666671875 0.5973499999999999 0.5266666671875 0.5410870375 0.5583333328125 0.5425675921875001 0.5599999999999999 0.517397221875 0.53 0.518877778125 0.53 0.4640953703125 0.5133333328125 0.46705648125000004 0.5122916671875 0.5177638890625 0.48250000000000004 0.5144361109375 0.48333333281249996 0.5484898140625 0.5125 0.547009259375 0.5133333328125 0.5943888890625 0.5291666671875 0.5973499999999999
3 0.3133333328125 0.7616981484374999 0.3441666671875 0.749852778125 0.33541666718749996 0.6996296296875 0.3016666671875 0.7113574078125 0.3133333328125 0.7616981484374999