3 0.45703125 0.66953125 0.065625 0.034375
2 0.54921875 0.57578125 0.0375 0.01875
4 0.4125 0.78984375 0.040625 0.01875
4 0.7125 0.675 0.0375 0.021875
4 0.73828125 0.23671875 0.0359375 0.01875
4 0.8 0.79375 0.0375 0.0203125
4 0.171875 0.28046875 0.0375 0.021875
4 0.46328125 0.61953125 0.0390625 0.0171875
4 0.278125 0.73828125 0.034375 0.01875
4 0.52578125 0.6140625 0.040625 0.01875
4 0.13359375 0.28125 0.0375 0.0203125
1 0.45 0.49609375 0.0703125 0.03125
0 0.4263398140625 0.5241666671874999 0.48260277812499996 0.5216666671875 0.48112222187500003 0.5533333328125 0.5062925921875 0.5549999999999999 0.5048120375 0.525 0.55959444375 0.525 0.5566333328125 0.5083333328124999 0.5059259265625 0.5072916671875001 0.509253703125 0.47750000000000004 0.47519999999999996 0.4783333328125 0.47668055625 0.5075000000000001 0.42930092656249996 0.5083333328124999 0.4263398140625 0.5241666671874999