3 0.671875 0.54453125 0.034375 0.065625
2 0.57734375 0.45078125 0.01875 0.0375
4 0.78984375 0.5875 0.01875 0.040625
4 0.67421875 0.29140625 0.021875 0.0375
4 0.28359375 0.82734375 0.01875 0.0359375
4 0.78828125 0.19609375 0.021875 0.0375
4 0.61328125 0.47578125 0.021875 0.0375
4 0.61953125 0.53515625 0.0171875 0.0390625
4 0.73828125 0.721875 0.01875 0.034375
4 0.23671875 0.2609375 0.01875 0.040625
4 0.28046875 0.86328125 0.0203125 0.0375
1 0.49609375 0.55 0.03125 0.0703125
0 0.5241666671874999 0.5736601859375 0.5216666671875 0.517397221875 0.5533333328125 0.518877778125 0.5549999999999999 0.4937074078125 0.525 0.4951879625 0.525 0.44040555625 0.5083333328124999 0.44336666718749995 0.5072916671875001 0.4940740734375 0.47750000000000004 0.490746296875 0.4783333328125 0.5248 0.5075000000000001 0.52331944375 0.5083333328124999 0.5706990734375 0.5241666671874999 0.5736601859375