2 0.43125 0.68984375 0.0375 0.01875
4 0.53984375 0.7265625 0.040625 0.01875
4 0.6671875 0.5671875 0.0375 0.021875
4 0.76640625 0.42109375 0.0359375 0.01875
4 0.478125 0.3390625 0.0375 0.021875
4 0.13203125 0.2796875 0.0375 0.021875
4 0.1484375 0.440625 0.034375 0.0171875
4 0.34140625 0.34453125 0.034375 0.01875
4 0.45703125 0.7546875 0.0328125 0.01875
4 0.3234375 0.77578125 0.0375 0.0203125
1 0.53203125 0.49453125 0.0546875 0.034375
0 0.4322620375 0.5225 0.488525 0.52 0.48704444375 0.5516666671875 0.5122148140625 0.5533333328125 0.510734259375 0.5233333328125 0.5655166671875 0.5233333328125 0.56255555625 0.5066666671875 0.5118481484374999 0.505625 0.5151759265625 0.47583333281250006 0.48112222187500003 0.4766666671875 0.48260277812499996 0.5058333328125 0.43522314843750004 0.5066666671875 0.4322620375 0.5225
3 0.5566333328125 0.41 0.60549351875 0.43583333281250003 0.6374074078125 0.4145833328125 0.5936481484375 0.3875 0.5566333328125 0.41