2 0.71328125 0.69609375 0.01875 0.03828125
4 0.21015625 0.4125 0.01953125 0.04140625
4 0.45078125 0.70234375 0.021875 0.0375
4 0.76328125 0.73828125 0.01875 0.0359375
4 0.7671875 0.5390625 0.02109375 0.03828125
4 0.71953125 0.171875 0.021875 0.03828125
4 0.38046875 0.46328125 0.0171875 0.0390625
4 0.26171875 0.278125 0.01953125 0.03359375
4 0.38515625 0.52578125 0.01953125 0.040625
4 0.7203125 0.14140625 0.0203125 0.0375
1 0.51328125 0.31484375 0.03125 0.0703125
3 0.33046875 0.45546875 0.03203125 0.0546875
0 0.48515625 0.49296875 0.07421875 0.13671875