2 0.70390625 0.7421875 0.01875 0.03828125
4 0.21015625 0.41484375 0.01953125 0.0375
4 0.3265625 0.72109375 0.021875 0.0359375
4 0.75859375 0.7828125 0.01875 0.0359375
4 0.20859375 0.8 0.02109375 0.03828125
4 0.40234375 0.30390625 0.0203125 0.034375
4 0.3296875 0.5140625 0.0171875 0.0375
4 0.26171875 0.278125 0.01953125 0.03359375
4 0.77265625 0.828125 0.01953125 0.040625
4 0.7203125 0.140625 0.02109375 0.0390625
1 0.50390625 0.453125 0.03125 0.06484375
3 0.60703125 0.29609375 0.03515625 0.06171875
0 0.48359375 0.49453125 0.07265625 0.134375