2 0.69921875 0.771875 0.01875 0.03828125
4 0.21015625 0.41484375 0.01953125 0.0375
4 0.3265625 0.721875 0.021875 0.034375
4 0.75859375 0.7828125 0.01875 0.0359375
4 0.20859375 0.8 0.02109375 0.03828125
4 0.40234375 0.30546875 0.0203125 0.03671875
4 0.32734375 0.51640625 0.0171875 0.0359375
4 0.26171875 0.278125 0.01953125 0.03359375
4 0.77265625 0.828125 0.01953125 0.040625
4 0.71953125 0.13671875 0.0203125 0.0375
1 0.50390625 0.45390625 0.03125 0.06171875
0 0.48359375 0.49375 0.07109375 0.13203125
3 0.60703125 0.296875 0.034375 0.06328125