2 0.2296875 0.72265625 0.01875 0.03828125
4 0.5734375 0.63671875 0.01953125 0.0359375
4 0.38125 0.834375 0.021875 0.0375
4 0.72421875 0.3078125 0.01875 0.0359375
4 0.3265625 0.46875 0.0203125 0.03671875
4 0.57578125 0.55859375 0.0203125 0.03671875
4 0.33359375 0.52265625 0.01953125 0.0359375
4 0.34453125 0.56328125 0.01953125 0.03359375
4 0.52578125 0.76953125 0.01875 0.0359375
4 0.71953125 0.13984375 0.0203125 0.034375
1 0.70078125 0.47421875 0.0390625 0.05703125
0 0.48515625 0.49375 0.0734375 0.13515625
3 0.5515625 0.28125 0.04453125 0.0796875