2 0.31015625 0.4296875 0.01875 0.03828125
4 0.271875 0.53984375 0.01953125 0.0359375
4 0.43203125 0.665625 0.021875 0.0375
4 0.578125 0.765625 0.01875 0.0359375
4 0.66171875 0.478125 0.02109375 0.03828125
4 0.6546875 0.340625 0.021875 0.03828125
4 0.559375 0.146875 0.0171875 0.03125
4 0.7203125 0.1328125 0.01953125 0.03359375
4 0.24609375 0.45703125 0.01953125 0.0359375
4 0.225 0.3234375 0.0203125 0.0375
1 0.50546875 0.5328125 0.03515625 0.05546875
3 0.60234375 0.6078125 0.0421875 0.078125
0 0.48515625 0.5 0.07421875 0.13515625