2 0.42421875 0.54921875 0.01875 0.03828125
4 0.21015625 0.4125 0.01953125 0.04140625
4 0.325 0.7125 0.021875 0.0375
4 0.76328125 0.73828125 0.01875 0.0359375
4 0.20625 0.8 0.02109375 0.03828125
4 0.71953125 0.171875 0.021875 0.03828125
4 0.38046875 0.46328125 0.0171875 0.0390625
4 0.26171875 0.278125 0.01953125 0.03359375
4 0.3859375 0.52578125 0.01953125 0.040625
4 0.71875 0.13359375 0.0203125 0.0375
1 0.50390625 0.45 0.03125 0.0703125
3 0.33125 0.453125 0.03359375 0.05
0 0.48359375 0.4921875 0.075 0.13828125