2 0.6859375 0.70625 0.0171875 0.03515625
4 0.5734375 0.6359375 0.01796875 0.0375
4 0.38125 0.834375 0.021875 0.0375
4 0.725 0.309375 0.01875 0.0359375
4 0.32578125 0.46875 0.01953125 0.03671875
4 0.5765625 0.55859375 0.01953125 0.034375
4 0.33359375 0.52265625 0.01953125 0.0359375
4 0.34453125 0.5625 0.01953125 0.03515625
4 0.76328125 0.6453125 0.0203125 0.0359375
4 0.7203125 0.13828125 0.01875 0.034375
1 0.70078125 0.47265625 0.0390625 0.0546875
0 0.48359375 0.49375 0.07578125 0.13515625
3 0.55078125 0.2828125 0.040625 0.0765625