0 0.600152584375 0 0.395567246875 0.0331994234375 0.038056684375 0.0914221828125 0.029155753125 0.082244803125 0.0082520703125 0.08664308281250001 0.0107982609375 0.0969498875 0.0029109765624999997 0.0982454328125 0.0036996359375 0.12486270156249998 0.0112512015625 0.12905166562499998 0.0522992578125 0.311066565625 0.1242038515625 0.6670561625 0.16719027656250002 0.90190529375 0.1528663640625 0.9049191437499999 0.1524056921875 0.9070550796875001 0.1423628109375 0.909263296875 0.14678783125 0.933623725 0.1728136953125 0.93067770625 0.17486960468749999 0.9471043031249999 0.19913777500000002 0.9419981109375 0.2055098921875 0.9252696921875 1 0.7513283484375 1 0.45357524531250004 0.9544314046875 0.24183869374999997 0.9056000453124999 0 0.600152584375 0
0 0.77983381875 0 0.49376920156250004 0.0467158234375 0.4933886453125 0.033103696875 0.4403370953125 0.0413231265625 0.440130625 0.053374170312500004 0.04370636875 0.119150778125 0.104838840625 0.40480053906249996 0.200794796875 0.89641534375 0.5644984890625 0.8164446312500001 0.5668780484375 0.8260779703125 0.67665638125 0.8032450578124999 0.6724567453125 0.7930030515625 1 0.7244963609374999 1 0.6349499765625 0.9654629546875 0.481084340625 0.8689913734375001 0 0.77983381875 0
1 0.59763084375 0.41370857499999997 0.5397606890625 0.42433636718749995 0.5335974734375 0.3853521921875 0.508609221875 0.3893725 0.5139329328125 0.427848121875 0.45765035468750004 0.43735013437500003 0.45839329375000004 0.456062678125 0.5151776 0.44528070625 0.5221036812500001 0.4848261171875 0.5490551781249999 0.4800722984375 0.5417934421874999 0.44007953281249995 0.60042034375 0.42913074218749997 0.59763084375 0.41370857499999997
7 0.9453125 0.5135706018518519 0.03525462962962962 0.03019675925925931
7 0.3548958333333333 0.7403819444444444 0.03833333333333329 0.028680555555555643
7 0.21451967592592594 0.8300000000000001 0.039988425925925955 0.03182870370370381
7 0.31131365740740746 0.3510127314814815 0.035208333333333286 0.02863425925925931
7 0.2226446759259259 0.2600983796296296 0.03677083333333329 0.02865740740740739
7 0.08359953703703704 0.13085069444444444 0.03520833333333333 0.028634259259259266
7 0.4727488425925926 0.4181828703703704 0.036678240740740796 0.025532407407407476
7 0.5029745370370371 0.46228587962962964 0.035208333333333286 0.02863425925925931
7 0.597667824074074 0.46635416666666674 0.035208333333333286 0.02863425925925931
4 0.6589351851851852 0.29193287037037036 0.03677083333333329 0.028657407407407475
4 0.07567708333333334 0.15363425925925928 0.03833333333333333 0.028680555555555553
6 0.4646006944444444 0.037667824074074076 0.08093749999999993 0.04336805555555556
7 0.5825810185185185 0.405613425925926 0.033506944444444464 0.023923611111111142
5 0.5819270833333333 0.35716435185185186 0.1414351851851851 0.13484953703703706
2 0.5769155092592593 0.45181134259259254 0.07174768518518526 0.04947916666666678
3 0.6229050925925925 0.8169155092592593 0.1358564814814816 0.05199074074074091