0 1 0.99182708125 0.9782405640625 0.971997278125 0.9720204750000001 0.7955643640625001 0.9677060859375001 0.45266319375 0.9690294187499999 0.2276016078125 0.9829858015624999 0.22856800625 0.9837958718750001 0.22674176875000002 0.9935979203124999 0.2273326875 0.9937669328125001 0.20399627968749998 0.9688570500000001 0.1999358140625 0.9698405687499999 0.184440184375 0.9461950781249999 0.1828028703125 0.9372604687500001 0.19638950625 0.1439971125 0.1478599734375 0.116181521875 0.130264628125 0.10049650937500001 0.1309971828125 0.104060465625 0.1490894515625 0.0796886109375 0.147946071875 0.0785316703125 0.157306009375 0.102956134375 0.1736922359375 0.11439812499999999 0.6248577375 0.117525340625 0.8747136109375001 0.0960868453125 0.8902934359374999 0.09513290156250001 0.8973583953125001 0.11914669687499999 0.9007178078125 0.12369402968750001 0.9192220828125001 0.136844921875 0.9200788578125 0.15229883125000002 0.9051328906249999 0.33483195625 0.9290316796875 0.601130021875 0.9597222437499999 0.9464558078125 0.999327753125 0.9468790281249999 1 1 1 1 0.99182708125
0 0.1464441859375 0.40407173125 0.15177007343749999 0.8808614562500001 0.5115026874999999 0.92196355625 0.50944785 0.9344613718750001 0.56061681875 0.9407213796875 0.5629451875 0.9297976546875001 0.9460739109375 0.9726059593749999 0.9393927234375001 0.6965682671875 0.9365671640625 0.22389456562499999 0.5815852593749999 0.20249433749999998 0.5810620375 0.193102778125 0.47414743125000003 0.1854547265625 0.47626835781250004 0.19587234375 0.1385004921875 0.1720825109375 0.1464441859375 0.40407173125
1 0.53618676875 0.5512065500000001 0.47930980625 0.5459879812499999 0.479191653125 0.5607587765625001 0.535302628125 0.5660736453124999 0.5341717640625 0.6031811484375 0.5582996484375 0.6059941796875 0.560127090625 0.5695674515625 0.6145509625 0.5754964046875 0.6171697843749999 0.558258740625 0.5620490078125 0.5533656859375 0.5625644390625 0.5155492796875001 0.5364669203125 0.5128956703124999 0.53618676875 0.5512065500000001
7 0.17162615740740741 0.3797743055555555 0.030821759259259274 0.023414351851851832
7 0.7641666666666667 0.32712962962962966 0.03238425925925927 0.023495370370370416
7 0.9121527777777778 0.2810416666666667 0.0323842592592591 0.023495370370370416
7 0.7371527777777778 0.6927083333333334 0.03238425925925927 0.02349537037037024
7 0.8025752314814815 0.7973900462962964 0.0323842592592591 0.023495370370370416
7 0.9110937499999998 0.9518344907407407 0.029259259259259096 0.023333333333333428
7 0.5977951388888888 0.5896469907407408 0.032222222222222284 0.020370370370370417
7 0.5765740740740741 0.5410185185185185 0.03074074074074069 0.021851851851851834
7 0.4886400462962963 0.5130844907407408 0.029178240740740692 0.021770833333333427
4 0.40024305555555556 0.6565393518518519 0.03238425925925927 0.02349537037037024
4 0.9217997685185185 0.9329108796296296 0.0323842592592591 0.02349537037037024
6 0.5378993055555557 0.9371585648148149 0.07341435185185183 0.03341435185185197
7 0.4924594907407407 0.5717187499999999 0.029097222222222285 0.02020833333333343
5 0.4838310185185185 0.6156828703703704 0.11965277777777779 0.11372685185185176
2 0.5060185185185185 0.5326851851851852 0.06280092592592598 0.03909722222222225
3 0.5278356481481481 0.1870949074074074 0.12629629629629627 0.031481481481481485