0 0.15268663437500002 1 0.1609609140625 0.98838440625 0.73741668125 0.9377583078124999 0.9686930734375 0.9119536828125 0.9757433765625001 0.7215955015625 0.8851276421875 0.10934166875 0.9026568640624999 0.1068335078125 0.9105488109375001 0.0930116921875 0.908018171875 0.07838938749999999 0.8814158109375001 0.08222108125000001 0.87816370625 0.0644489671875 0.8629512140625 0.06747916875 0.8535917140624999 0.0805217859375 0.8541804953125001 0.0849427171875 0.040528115625 0.20909236562500003 0.036574260937500006 0.20007347343749998 0.0123546359375 0.1949306625 0.002480715625 0.1963599140625 0.0054796984375000005 0.21630089218749998 0 0.2170607625 0 0.2368656984375 0.007075553125 0.2393030875 0.12212618906249999 0.96558368125 0.10316130937500001 0.9852843484375 0.10229093593750001 0.9928215874999999 0.1287880265625 0.9903606296874999 0.13127140625 1 0.15268663437500002 1
0 0.8546362140625 0.1137045234375 0.49234046875 0.1655434875 0.4884575546875 0.1561703203125 0.3836244921875 0.17211478593750001 0.38806078125 0.182582315625 0.04429553125 0.2334669125 0.157071028125 0.9630736171875001 0.5268481015625001 0.9263484125 0.5273800734375 0.940179353125 0.57789421875 0.934950384375 0.5772690390624999 0.9228211359375 0.9697059515625 0.8846059828125 0.9699000124999999 0.8793663390625 0.8546362140625 0.1137045234375
1 0.49905756874999996 0.5383171328125 0.44025526875 0.543289478125 0.44180495937500003 0.5585726484375 0.498973165625 0.553086696875 0.5031447671875 0.59196459375 0.5283196671875 0.5891790140625 0.524199865625 0.550959653125 0.58311798125 0.544050484375 0.57967670625 0.52838569375 0.5234917 0.534680265625 0.5190680999999999 0.4953978515625 0.49390260937499997 0.49877990937499994 0.49905756874999996 0.5383171328125
2 0.4701099537037036 0.5231770833333333 0.06597222222222214 0.05583333333333336
5 0.5205150462962963 0.7693229166666666 0.14571759259259257 0.146875
6 0.5550347222222223 0.9368749999999999 0.0796875 0.04739583333333357
3 0.4364872685185185 0.16223958333333333 0.15370370370370362 0.06791666666666667
7 0.930324074074074 0.8694791666666667 0.035416666666666784 0.030416666666666713
7 0.801417824074074 0.7340104166666667 0.035416666666666784 0.030416666666666713
7 0.7203414351851851 0.6393229166666667 0.038541666666666786 0.030625000000000034
7 0.838599537037037 0.17416666666666666 0.038541666666666786 0.030625000000000034
7 0.6962962962962964 0.2523958333333333 0.04010416666666679 0.030729166666666696
7 0.10506365740740739 0.4408854166666666 0.04021990740740744 0.03385416666666678
7 0.4574652777777778 0.5685416666666667 0.03692129629629637 0.028958333333333287
7 0.5657407407407408 0.5632291666666667 0.036979166666666605 0.030520833333333285
7 0.536863425925926 0.5182291666666666 0.035416666666666784 0.030416666666666713
7 0.4345775462962963 0.5098437499999999 0.03541666666666661 0.030416666666666713
4 0.20888310185185183 0.34442708333333333 0.03541666666666661 0.030416666666666713
4 0.6954571759259259 0.4019270833333334 0.036979166666666785 0.030520833333333285