7 0.41638310185185184 0.54734375 0.022847222222222286 0.033946759259259274
7 0.38752314814814814 0.6527141203703704 0.024409722222222284 0.03402777777777786
7 0.29898148148148146 0.7183275462962962 0.02431712962962962 0.030902777777777855
7 0.46024305555555556 0.6323032407407407 0.02431712962962962 0.030902777777777855
7 0.8264409722222222 0.6442708333333333 0.022754629629629618 0.030821759259259274
7 0.8221817129629629 0.5005208333333333 0.022754629629629618 0.030821759259259274
7 0.7682581018518518 0.2075462962962963 0.022754629629629618 0.030821759259259274
7 0.7651041666666667 0.18008101851851852 0.022754629629629618 0.030821759259259274
7 0.7804976851851851 0.1730787037037037 0.019583333333333286 0.02909722222222224
7 0.17182291666666666 0.82328125 0.024270833333333332 0.029340277777777857
2 0.45251736111111107 0.5031944444444445 0.045509259259259235 0.06164351851851855
4 0.7967708333333332 0.30107060185185186 0.022754629629629618 0.030821759259259274
6 0.10221064814814813 0.4483680555555556 0.03641203703703706 0.0705324074074074
3 0.8303703703703704 0.43464120370370374 0.03784722222222214 0.1189699074074074
0 0.1609326578125 0.875059359375 0.8765299703125 0.856502428125 0.8787902390625 0.8729362328124999 0.8942094328125 0.8835981421874999 0.9026704750000001 0.8813874343749999 0.8977427078125 0.8558640578125001 0.9160603406250001 0.85405158125 0.9129212375 0.83266585625 0.8961080718750001 0.82324175 0.79278641875 0.061045946875 0.8008258218750001 0.06061649375 0.805623890625 0.041773090624999995 0.5696136578125001 0.0295355234375 0.217307715625 0.038268492187499996 0.0345093265625 0.0480333515625 0.04105188125 0.069826328125 0.054228228125 0.078648740625 0.056638528125 0.11202241718749999 0.07646551875 0.3274084484375 0.1302157421875 0.8462539234375 0.11361136875 0.8585568171875 0.11692964531250001 0.8725845218750001 0.13300421875 0.8716107718749999 0.1360734140625 0.8978604921875 0.1467332875 0.8991901859375 0.161869646875 0.8820516156249999 0.1609326578125 0.875059359375
0 0.1125950703125 0.42503248437499996 0.10036564218749999 0.42252195156249994 0.1066089890625 0.47523219531249994 0.11593130781250001 0.4760664515625 0.153524990625 0.8438148218749999 0.8719176015625001 0.8258641062500001 0.8748723343749999 0.8444502171874999 0.8259843625000001 0.4889990734375 0.8327202078125 0.48546593906249996 0.8206648765625 0.3877551203125 0.8128490734374999 0.3879382734375 0.7679679359375 0.061979014062500004 0.07828854375 0.073535646875 0.1125950703125 0.42503248437499996
1 0.491827896875 0.5345065328125 0.4861959859375 0.481009884375 0.5246251734375 0.482623353125 0.52195035 0.459228184375 0.4840313140625 0.45753468281250004 0.479539859375 0.402823275 0.462810484375 0.4033960171875 0.46762061718750003 0.45540691093749996 0.4317849609375 0.45536717812500005 0.434870953125 0.4798741625 0.47167629375000003 0.48155115156250006 0.47533363125 0.5371199734375 0.491827896875 0.5345065328125
5 0.2653993055555556 0.45370949074074074 0.12387731481481482 0.12655092592592593