0 0.138817534375 1 0.1463508453125 0.9851770625 0.3742232296875 0.9508854390625 0.9228291640625 0.8552528078125 0.940889125 0.8697660421875 0.953574325 0.8658418250000001 0.9532271812499999 0.8491375515625 0.9694753421875 0.8463879953125 0.9699060265625 0.834759509375 0.9529816796875 0.8248038921875 0.871264584375 0.1312795484375 0.8928153218749999 0.11685564531249999 0.88962093125 0.106993803125 0.8667742078125 0.1098192546875 0.8643820453125001 0.090817028125 0.8548392015624999 0.091940278125 0.8336773687499999 0.10261654687499999 0.8323465390625 0.1118507046875 0.044321428125 0.1985740984375 0.0437204 0.1943800328125 0.0316398734375 0.1847401515625 0.016722415625 0.185712196875 0.0183162875 0.2027903625 0 0.20495911718749998 0 0.2256812671875 0.004976675 0.2305646796875 0.02191055 0.228543828125 0.1156166265625 0.9589287984375 0.1091787203125 0.9605579000000001 0.09059493125 0.9845211703125001 0.091417534375 0.9924935609375 0.12082192656249999 0.9874433171874999 0.12124350312500001 1 0.138817534375 1
0 0.566854265625 0.8885654546874999 0.919870225 0.831113034375 0.8351761359375001 0.1351028265625 0.502645509375 0.173179421875 0.5040483124999999 0.16249965 0.4025304515625 0.17372029375 0.4013575078125 0.1832614484375 0.0513664015625 0.22502863125 0.143727740625 0.9595771109375001 0.519103184375 0.8977552281250001 0.521671940625 0.909018128125 0.5699514625 0.9013639343750001 0.566854265625 0.8885654546874999
1 0.48643451249999997 0.48884979375000004 0.4621805140625 0.49195132812500003 0.4682715625 0.5290188578125 0.4144477765625 0.5370940109375 0.415318746875 0.552288728125 0.47184085781249996 0.544103221875 0.4779380671875 0.5801222890625 0.502045925 0.5764721359375 0.4958258375 0.5398371671875 0.5503529312500001 0.5307792265625 0.5478239921875 0.516399984375 0.49191237499999996 0.52633085625 0.48643451249999997 0.48884979375000004
2 0.5145543981481481 0.5048090277777778 0.06105324074074083 0.04663194444444443
5 0.5323206018518519 0.7428993055555556 0.13113425925925917 0.1262500000000001
6 0.5435185185185185 0.905 0.07627314814814809 0.03604166666666657
3 0.4527777777777778 0.16722222222222222 0.14699074074074084 0.048541666666666664
7 0.17722800925925924 0.9359548611111113 0.03379629629629628 0.027291666666666714
7 0.26197916666666665 0.7798958333333333 0.03535879629629628 0.027326388888888786
7 0.3128472222222222 0.673125 0.03535879629629637 0.027326388888888786
7 0.08200231481481482 0.2770486111111111 0.03692129629629628 0.027361111111111124
7 0.234693287037037 0.31328125 0.03848379629629628 0.027395833333333376
7 0.832667824074074 0.3390798611111111 0.03848379629629619 0.027395833333333286
7 0.538136574074074 0.5436458333333334 0.03368055555555553 0.024166666666666715
7 0.4364583333333333 0.565625 0.03530092592592595 0.025763888888888965
7 0.45234375 0.5167187500000001 0.03535879629629637 0.027326388888888786
7 0.544212962962963 0.4851388888888889 0.03373842592592595 0.025729166666666713
4 0.711400462962963 0.27774305555555556 0.03530092592592595 0.025763888888888874
4 0.2734085648148148 0.45019097222222226 0.03530092592592595 0.025763888888888788