7 0.39921875 0.51875 0.01875 0.03046875
7 0.35703125 0.6203125 0.0203125 0.03203125
7 0.259375 0.68046875 0.0203125 0.02890625
7 0.43203125 0.6046875 0.01953125 0.02890625
7 0.7953125 0.6359375 0.01875 0.02734375
7 0.809375 0.49375 0.01875 0.02890625
7 0.79609375 0.2015625 0.01875 0.02734375
7 0.79609375 0.17421875 0.01796875 0.02890625
7 0.8125 0.16875 0.015625 0.0265625
7 0.11953125 0.77734375 0.0203125 0.0265625
2 0.4421875 0.4765625 0.0375 0.05546875
4 0.8109375 0.29453125 0.01953125 0.02890625
6 0.1 0.403125 0.02734375 0.065625
3 0.82734375 0.428125 0.021875 0.1140625
0 0.839572221875 0.0580177078125 0.8476361109375 0.0580177078125 0.85836944375 0.031026042187500002 0.8549673609375 0.022303125 0.8388312499999999 0.0213104171875 0.8383201390625 0.0002427078125 0.8188166671875001 0.003046875 0.8153493062500001 0.0206416671875 0.08526805625 0 0.0897354171875 0.0270572921875 0.10168055625000001 0.036457292187500004 0.0996270828125 0.069515625 0.090628471875 0.2830916671875 0.074915971875 0.7978927078125 0.056737499999999996 0.8091572921875001 0.0581701390625 0.8231739578124999 0.074309028125 0.8230604171874999 0.0738625 0.8491239578125 0.0843013890625 0.8509979171875001 0.10166319374999999 0.834884375 0.10166319374999999 0.8279354171875 0.8168150734375 0.8473440625 0.8168729171875 0.8636791671875 0.83080625 0.8750125000000001 0.839527778125 0.8732770828125 0.8380263890625 0.8478322921875 0.8565111109375 0.8470093750000001 0.8562388890625 0.8257416671875 0.8407520828124999 0.81555625 0.839572221875 0.0580177078125
0 0.8167726515625 0.8353642359375 0.8155215281249999 0.4820479171875 0.8227013890625001 0.4789166671875 0.8237354171875 0.381865625 0.8159270828125 0.381634375 0.81473055625 0.0576302078125 0.126325 0.0326802078125 0.11358194375 0.3813260421875 0.1017375 0.3782041671875 0.1009208328125 0.4305447921875 0.11009374999999999 0.431859375 0.09845555624999999 0.7967145828125 0.8163104171875 0.81686875 0.8167726515625 0.8353642359375
1 0.4791638890625 0.4329760421875 0.48199236093750003 0.37875312499999997 0.46525486093749996 0.3784364578125 0.46310416718749997 0.4300114578125 0.4274201390625 0.42808333281250005 0.4272229171875 0.45242812499999996 0.4636541671875 0.4560229171875 0.45988055625 0.5110479171875 0.47665625 0.5093385421875001 0.47818680625 0.45625416718749995 0.51624375 0.459871875 0.5167020828125 0.43664583281249997 0.4791638890625 0.4329760421875
5 0.2625 0.4171875 0.1078125 0.109375