0 0.8567583328125 0.131840625 0.8719138890625 0.1056083328125 0.8701548609374999 0.0904625 0.85289444375 0.0932979171875 0.8523680562499999 0.0698395828125 0.8432375000000001 0.0684135421875 0.82902430625 0.0914166671875 0.3934166671875 0.0874729171875 0.15196180625 0.0821947921875 0.13545694375 0.061009375 0.128559721875 0.0598552078125 0.12691875 0.0828947921875 0.10932569375000001 0.0866645828125 0.109377778125 0.0993145828125 0.12486875 0.114709375 0.11397847187500001 0.2898916671875 0.10212916718750001 0.5456041671875 0.08695 0.877209375 0.068659028125 0.8885541671875 0.06898194375 0.9030906249999999 0.0867645828125 0.9027114578125 0.08548819375 0.9314510421875 0.094509028125 0.9328416671875001 0.11551319374999999 0.908759375 0.2857451390625 0.9086187499999999 0.617115278125 0.9158406250000001 0.8348868062499999 0.9245864578124999 0.8348868062499999 0.938009375 0.836707425 0.938850959375 0.8367923609375 0.94828125 0.859375 0.94921875 0.861634028125 0.9253385421875 0.8766875000000001 0.9268010421874999 0.8766875000000001 0.9040593749999999 0.8629479171875 0.8949947921874999 0.8567583328125 0.131840625
0 0.8362981828124999 0.8934134703125001 0.833222221875 0.5518947921875 0.8422708328124999 0.5517020828125 0.8425076390624999 0.44888229218750003 0.8325736109375 0.45058125000000004 0.8329618062499999 0.1257375 0.6091104171875 0.12569583281250002 0.148309028125 0.11500520781250001 0.132647221875 0.46044999999999997 0.120421528125 0.4580541671875 0.11779375 0.5071770828125 0.12851527812500002 0.509784375 0.1127701390625 0.877728125 0.3793104171875 0.8804489578125001 0.8362981828124999 0.8934134703125001
1 0.44249652812500007 0.4928854171875 0.44139166718749995 0.516053125 0.47674652812499996 0.5190239578125 0.47465694375 0.5712958328125 0.4915048609375 0.5743927078125 0.4925458328125 0.5214145828125 0.52915694375 0.5231666671874999 0.52997569375 0.49809479218749997 0.49290208281250003 0.496553125 0.494140278125 0.4418927078125 0.47984583281250004 0.4412885421875 0.47846319375 0.4952072921875 0.44249652812500007 0.4928854171875
7 0.634375 0.15 0.02109375 0.02890625
7 0.725 0.72421875 0.02109375 0.03046875
7 0.7796875 0.86796875 0.021875 0.03046875
7 0.3703125 0.68515625 0.0203125 0.0296875
7 0.27265625 0.7453125 0.02109375 0.03046875
7 0.13046875 0.84453125 0.0203125 0.028125
7 0.46015625 0.5546875 0.01796875 0.03046875
7 0.50546875 0.5359375 0.01953125 0.028125
7 0.5265625 0.45234375 0.01953125 0.02734375
4 0.38203125 0.3625 0.0203125 0.0296875
4 0.14921875 0.85625 0.0203125 0.03046875
6 0.11953125 0.48515625 0.0265625 0.06796875
7 0.46953125 0.45390625 0.01796875 0.02734375
5 0.42734375 0.44375 0.103125 0.10859375
2 0.509375 0.46796875 0.03359375 0.05859375
3 0.84453125 0.5 0.02265625 0.1203125