7 0.5205787037037037 0.41168981481481487 0.03559027777777786 0.02445601851851862
7 0.4229282407407407 0.3487326388888889 0.035671296296296263 0.02601851851851853
7 0.375931712962963 0.23969328703703702 0.03254629629629626 0.025925925925925953
7 0.43006365740740743 0.4261689814814815 0.03254629629629626 0.025925925925925953
7 0.35400462962962964 0.7796180555555555 0.03246527777777786 0.02436342592592595
7 0.4951331018518518 0.823582175925926 0.03246527777777786 0.02436342592592595
7 0.7900057870370369 0.8689814814814815 0.03246527777777786 0.02436342592592595
7 0.8176331018518518 0.8752604166666667 0.0323842592592591 0.022800925925925954
7 0.8208680555555556 0.8925173611111111 0.029178240740741046 0.021145833333333287
7 0.2959143518518519 0.08053240740740741 0.031064814814814844 0.02744212962962962
2 0.5575462962962963 0.46270833333333333 0.06493055555555571 0.0487268518518519
4 0.6946527777777778 0.8653761574074075 0.03246527777777786 0.02436342592592595
6 0.6741261574074074 0.13854166666666665 0.07077546296296297 0.04109953703703706
3 0.5583101851851853 0.8535358796296297 0.11937500000000015 0.04565972222222214
0 1 0.204419771875 0.7955534828124999 0.15393431562499998 0.2805004875 0.032853403125 0.27144120156249996 0.012535715624999999 0.25718705000000003 0.0110820921875 0.255300478125 0.02709368125 0.229180921875 0.0213092640625 0.226004934375 0.03126666875 0.2400351359375 0.0517691640625 0.247013784375 0.053193440625 0.1388709640625 0.7576949515625 0.122458890625 0.75440416875 0.1093499359375 0.76588459375 0.1100116359375 0.7748804484375 0.1357512640625 0.7786082984375 0.13428630625 0.797089228125 0.1556786328125 0.8011786328125 0.1678273390625 0.787923946875 0.9287490296875 0.9420222359375 0.92774941875 0.9500108890625001 0.9535258984375 0.9661763656250001 0.9627078156250001 0.9645938953125001 0.9657050203124999 0.9488118015625 0.9808750796875 0.9515366625 0.9833890750000001 0.931445434375 0.9692874828125 0.9256860109374999 1 0.7271501734375 1 0.204419771875
0 1 0.23034383749999998 0.694054015625 0.15653925156249998 0.6986574859375 0.14544518281250002 0.6461944468749999 0.1339082609375 0.6437371609375 0.142726153125 0.2787656453125 0.0564148359375 0.169539053125 0.7634413062500001 0.15090723749999999 0.7601083453124999 0.5058883375 0.8312855578124999 0.5081429421875 0.8390402218749999 0.60548049375 0.85995644375 0.6066806640625 0.8522683609374999 0.9322175921875001 0.9174917640625001 1 0.501884965625 1 0.23034383749999998
1 0.565258034375 0.5393452828124999 0.588526503125 0.5445598109375 0.5968652624999999 0.508124015625 0.650969246875 0.522039775 0.653362071875 0.5055233390625 0.6018333 0.49282175937500006 0.60819310625 0.4578658546875 0.5837687375 0.4526807 0.5756425187499999 0.48803525 0.5208501812499999 0.4730187734375 0.5204873234375 0.48998831093749995 0.5736087921874999 0.5023849031250001 0.565258034375 0.5393452828124999
5 0.639380787037037 0.2958622685185185 0.13312500000000008 0.13031249999999997