5 0.8059953703703704 0.29328125 0.11366898148148152 0.1851967592592592
4 0.8042766203703703 0.23000578703703703 0.025486111111111143 0.03299768518518516
4 0.18581018518518516 0.09550925925925927 0.023900462962962978 0.03142361111111112
0 0.06433997500000001 0.8409529875 0.0525130875 0.8523045015624999 0.0412920109375 0.8721250968750001 0.0602815828125 0.8839289656249999 0.065765753125 0.9045435312500001 0.087452025 0.88491231875 0.7812699796875 0.9682133468749999 0.7862629078125 0.988092553125 0.8022845765625 0.990221140625 0.806020896875 0.96833895625 0.8235346531250001 0.967158840625 0.8268922203125 0.9404256078125 0.8147018234375001 0.9334204546875 0.9155396421875001 0.1519985796875 0.9323061609375 0.143143121875 0.935051796875 0.12313852656249999 0.91941043125 0.1192023265625 0.9232052124999999 0.09022555156249999 0.9149769031250001 0.0875180953125 0.893672834375 0.10494269687499999 0.8918784953125 0.1187064515625 0.193749059375 0.0413854390625 0.15878722812499999 0.0347658453125 0.1421992 0.00537623125 0.1309041921875 0.0038756125000000002 0.126592015625 0.0341529734375 0.11500290937499999 0.029144110937500002 0.1038702875 0.0473093125 0.12322018593749999 0.0624608140625 0.06433997500000001 0.8409529875
0 0.11862899687499999 0.49314161093750003 0.0890294703125 0.8493770234375001 0.7873493500000001 0.9285865796874999 0.8309087 0.5970613484375 0.8386745296875 0.598374725 0.8521359937499999 0.5005154218750001 0.8422408656249999 0.4994597609375 0.887785565625 0.15010190625 0.150211275 0.0675078078125 0.11988221562500001 0.44005984375 0.1111350625 0.4442336671875 0.1057729328125 0.4948628421875 0.11862899687499999 0.49314161093750003
1 0.49824068906249996 0.4291544796875 0.5005019875000001 0.4259263875 0.48147021875 0.42343673437499996 0.476193225 0.4809281578125 0.4396593203125 0.4768847515625 0.43612748593750006 0.5062201796875 0.4753940390625 0.507092721875 0.4686212890625 0.5618830874999999 0.4840827296875 0.5622442046875 0.49011113437500003 0.5092379015625 0.5284821234375 0.5110931812499999 0.5302503109375001 0.48419195156250006 0.4931454484375 0.481675090625 0.49824068906249996 0.4291544796875
7 0.5077488425925927 0.46660300925925924 0.022314814814814808 0.029849537037037167
7 0.4605034722222222 0.5474305555555555 0.022314814814814808 0.029849537037036987
7 0.5176967592592593 0.5579456018518518 0.023923611111111142 0.03298611111111107
7 0.38807291666666666 0.29950231481481476 0.023923611111111142 0.03298611111111107
7 0.2971064814814815 0.22438657407407409 0.025509259259259308 0.03456018518518515
7 0.20991319444444442 0.08751736111111111 0.025462962962962975 0.0314351851851852
7 0.16485532407407408 0.10504050925925926 0.023900462962962978 0.03142361111111112
7 0.46366319444444437 0.4442708333333334 0.023900462962962978 0.03142361111111107
7 0.5888715277777778 0.8793287037037038 0.023923611111111142 0.03298611111111107
2 0.5017939814814815 0.5393113425925925 0.04162037037037045 0.06748842592592581
6 0.10928819444444444 0.4679918981481482 0.041736111111111106 0.07530092592592581
3 0.8473842592592593 0.5555034722222223 0.04413194444444457 0.13156250000000008