0 0.6993701359375 0 0.40387186406250003 0.0658002953125 0.03205560625 0.1530814078125 0.0159490765625 0.140458515625 0.0012362468749999998 0.14675645625 0.001137771875 0.1632136328125 0 0.16351844531249998 0 0.1931405796875 0.00517654375 0.1915560828125 0.1234080578125 0.9214541640625 0.1077499328125 0.9259498921875 0.09811753437500001 0.9473467734375 0.1019049765625 0.9530915296875 0.1287213484375 0.9451801234375001 0.132283896875 0.9606105625 0.1473777359375 0.9569050953125 0.1546512296875 0.9412808484375 0.9454477453125 0.71245681875 0.9656727359374999 0.7205115921874999 0.9697248625 0.629338753125 0.8602827078124999 0 0.6993701359375 0
0 0.8175436265625 0 0.46514786875 0.08142339531250001 0.4684720546875 0.0672980203125 0.413808659375 0.081001740625 0.415255928125 0.09074974218750001 0.0342153515625 0.181405471875 0.156334896875 0.9120002734374999 0.5067240749999999 0.8113972109375001 0.508893696875 0.8223825843749999 0.612033065625 0.7913106921875 0.610556696875 0.7821547203125 0.9439767046875 0.6872156625 0.8238419140625 0 0.8175436265625 0
1 0.419712878125 0.472621771875 0.47523318750000004 0.4598357359375 0.4789056953125 0.49795043437500003 0.5019462171875 0.4914004890625 0.498873746875 0.45309877500000006 0.5534266265625 0.43981230312499997 0.5513851625 0.42548825 0.4964358296875 0.4391750421875 0.49348899687500003 0.401145165625 0.4680649625 0.4076776296875 0.47143187031249995 0.44629207812500005 0.414738846875 0.45779418125 0.419712878125 0.472621771875
5 0.5608333333333333 0.709837962962963 0.18368055555555554 0.134236111111111
7 0.8797048611111112 0.49766203703703693 0.04208333333333343 0.034918981481481384
7 0.5517881944444445 0.47491319444444446 0.03243055555555561 0.02818287037037024
7 0.5371354166666666 0.41877314814814814 0.03548611111111111 0.026782407407407404
7 0.45888888888888885 0.47817129629629634 0.034062499999999926 0.029826388888889
7 0.43185763888888895 0.4374826388888889 0.03718749999999993 0.029988425925925988
7 0.28140624999999997 0.3852662037037037 0.03718750000000002 0.029988425925925988
7 0.19928819444444446 0.3037847222222222 0.03718750000000002 0.029988425925925898
7 0.05649305555555556 0.23714120370370367 0.0371875 0.029988425925925988
7 0.07263888888888889 0.18953703703703703 0.0371875 0.029988425925925943
3 0.5603993055555556 0.8072916666666667 0.13211805555555553 0.06141203703703724
6 0.4401562500000001 0.07538773148148148 0.07531250000000007 0.04599537037037038
4 0.6155381944444445 0.3032465277777778 0.03243055555555543 0.028182870370370417
4 0.06303819444444445 0.2126388888888889 0.033923611111111106 0.026701388888888823