5 0.75078125 0.4890625 0.08515625 0.165625
2 0.50859375 0.4671875 0.03203125 0.0609375
7 0.17109375 0.865625 0.0203125 0.03046875
7 0.13046875 0.84375 0.0203125 0.0296875
7 0.27265625 0.74453125 0.01953125 0.0296875
7 0.36953125 0.684375 0.01953125 0.0296875
7 0.459375 0.55390625 0.01875 0.028125
7 0.50546875 0.53671875 0.01953125 0.028125
7 0.4703125 0.4546875 0.01796875 0.02890625
7 0.5265625 0.45078125 0.01796875 0.0265625
7 0.63359375 0.15 0.01953125 0.0296875
4 0.38125 0.3625 0.01953125 0.028125
4 0.14921875 0.85546875 0.01953125 0.02734375
1 0.49319375 0.49615312500000003 0.49428958281249996 0.4429125 0.47979791718750003 0.4421510421875 0.47804444375 0.4949989578125 0.44174513906249996 0.49206041718750004 0.44060763906249995 0.51580625 0.4774583328125 0.5187020828125 0.47496944374999994 0.5748083328125 0.49011180625 0.5735229171875 0.49247569375 0.518275 0.52821319375 0.523240625 0.528172221875 0.49810625000000003 0.49319375 0.49615312500000003
0 0.8551548609375 0.1281770828125 0.870715971875 0.1053510421875 0.870715971875 0.092446875 0.854378471875 0.0920385421875 0.8539423609375 0.07035208281250001 0.842472221875 0.07003437500000001 0.829547221875 0.09174375 0.14660694375 0.08258750000000001 0.1333083328125 0.0602895828125 0.12693749999999998 0.0590302078125 0.124815971875 0.083625 0.1075958328125 0.086521875 0.10848055625 0.09881562499999999 0.12479375 0.11591875 0.0851513890625 0.8743531250000001 0.06828125 0.8883447921875 0.06803680625 0.9037260421875001 0.085584028125 0.9040625 0.08537569375000001 0.9322083328125 0.0967875 0.933234375 0.11536458281249999 0.9097572921875001 0.3698263890625 0.91075 0.834319240625 0.9258821562499999 0.8343388890625001 0.934728125 0.8525263890625 0.9531802078125 0.8611111109375 0.9518229171874999 0.8610548609374999 0.923909375 0.8773798609375 0.9249166671875001 0.8780756937499999 0.911628125 0.8617381937499999 0.89524375 0.8551548609375 0.1281770828125
0 0.8342458687500001 0.892849834375 0.8334847218749999 0.5501729171874999 0.8416965281250001 0.548728125 0.8420076390625001 0.4484166671875 0.83243125 0.45335833281250004 0.8314625 0.1297125 0.1476729171875 0.11448541718750001 0.13421805625 0.46101875000000003 0.119009028125 0.4552708328125 0.11436249999999999 0.509778125 0.129727778125 0.5112291671875 0.11231319375 0.8750822921875001 0.8342458687500001 0.892849834375
6 0.11953125 0.4828125 0.0265625 0.08125
3 0.84453125 0.5 0.0234375 0.13828125