5 0.771875 0.74375 0.084375 0.16875
4 0.7625 0.80390625 0.0203125 0.02890625
4 0.14921875 0.85546875 0.0203125 0.028125
0 0.8578638890624999 0.126809375 0.8704770828124999 0.12161041718750001 0.8704770828124999 0.09537291718749999 0.85371875 0.0919875 0.8527652781249999 0.070384375 0.8370458328125 0.070384375 0.82981805625 0.088934375 0.1501638890625 0.0803645828125 0.131615278125 0.058632292187500004 0.12382430625 0.0778291671875 0.10406805625 0.0867885421875 0.11249444374999999 0.10736145781249999 0.12253194375000001 0.1198364578125 0.084997221875 0.8789041671875 0.0644875 0.8910489578125 0.0730291671875 0.9100125 0.0848201390625 0.9066635421875 0.08531180625 0.9364447921875 0.09639375 0.9364447921875 0.11596388906249999 0.9102010421875001 0.15050555625 0.9082947921875 0.8335956484375 0.92319034375 0.833659028125 0.9367072921874999 0.85210625 0.9562604171875 0.860375 0.9547020828124999 0.860225 0.9262427078125001 0.875796528125 0.9244489578125 0.8755715281249999 0.9047854171875 0.8604645828124999 0.8940864578125 0.8578638890624999 0.126809375
0 0.8334510796875 0.8923578624999999 0.8318423609375 0.5492645828125 0.84151944375 0.5495145828125 0.8403895828125 0.45331979218749996 0.8327361109375 0.45359166718750005 0.83088194375 0.1279677078125 0.1473791671875 0.11487083281249999 0.13276666718750002 0.4625583328125 0.12056875 0.4592479171875 0.11960694375 0.5088104171875 0.1275423609375 0.5139614578125 0.11165624999999998 0.87749375 0.8334510796875 0.8923578624999999
1 0.4932104171875 0.4946635421875 0.4938173609375 0.4427208328125 0.478852778125 0.44108645781250005 0.4787479171875 0.494846875 0.4407486109375 0.49065312499999997 0.4406013890625 0.519425 0.47634791718749997 0.5202072921875 0.474472221875 0.5763833328125 0.493140278125 0.5764208328125 0.49134930624999995 0.5730145828125 0.4927979171875 0.5216604171875 0.5289104171875 0.5239895828125001 0.5304645828125001 0.49779375000000003 0.4932104171875 0.4946635421875
7 0.50546875 0.53828125 0.01875 0.02734375
7 0.46953125 0.45390625 0.01875 0.02734375
7 0.52578125 0.4515625 0.0171875 0.0296875
7 0.36875 0.684375 0.01796875 0.0296875
7 0.271875 0.7453125 0.0203125 0.03046875
7 0.17109375 0.865625 0.02109375 0.02734375
7 0.13046875 0.84296875 0.01953125 0.028125
7 0.46015625 0.5546875 0.01796875 0.02890625
7 0.6328125 0.15 0.01875 0.0296875
2 0.50859375 0.4671875 0.03203125 0.06015625
6 0.1203125 0.48515625 0.0296875 0.07109375
3 0.84453125 0.4953125 0.0234375 0.12578125