5 0.5045138888888889 0.2803587962962963 0.1802777777777777 0.10611111111111109
2 0.46756944444444437 0.5349884259259259 0.06798611111111122 0.039421296296296406
7 0.8686631944444445 0.9288715277777779 0.031770833333333214 0.025057870370370237
7 0.8427256944444445 0.9697627314814815 0.031770833333333214 0.025057870370370237
7 0.7469444444444445 0.8099305555555556 0.031770833333333214 0.025057870370370237
7 0.6891145833333333 0.7021238425925926 0.031770833333333214 0.025057870370370418
7 0.5561979166666667 0.5943344907407407 0.030173611111111144 0.023414351851851832
7 0.5401041666666666 0.5442245370370371 0.030173611111111144 0.023414351851851832
7 0.45105902777777784 0.5740219907407408 0.03170138888888872 0.021932870370370415
7 0.45003472222222224 0.514525462962963 0.028576388888888894 0.021770833333333427
7 0.13874999999999998 0.37324074074074076 0.0317361111111111 0.023495370370370416
4 0.3482465277777778 0.6602025462962964 0.031736111111111145 0.02349537037037024
4 0.8564409722222223 0.950920138888889 0.028611111111111143 0.023333333333333428
1 0.5783799328125 0.564141928125 0.51993396875 0.5565534859375 0.5273640359375 0.51920700625 0.5007071437499999 0.5169356765625001 0.4965177265625 0.553756671875 0.44012365937500003 0.5476944546875 0.43843858593749996 0.562953878125 0.4943763703125 0.569675590625 0.48906195468749997 0.6078030375 0.51417496875 0.611193103125 0.51947748125 0.572478453125 0.5788261171875 0.5802781687499999 0.5783799328125 0.564141928125
0 0.9214958078125 1 0.912255159375 0.99152074375 0.9287172296874999 0.7224378625 0.9728926046874999 0.2324824703125 0.982274734375 0.23327632656250002 0.9962315359374999 0.2214327515625 0.9965729734375 0.20606806875 0.9724195328125 0.2040193703125 0.974476328125 0.186843253125 0.9604262796875 0.184883421875 0.94206169375 0.20065665781250003 0.128206928125 0.136980090625 0.10494277656249999 0.118417175 0.0912582125 0.1172288078125 0.0898358421875 0.13447330625 0.06681145625 0.1329374875 0.0657799390625 0.1450415515625 0.088019528125 0.16071310625 0.0369530390625 0.8822964671875001 0.012501307812500001 0.8943105234375001 0.0107799734375 0.9009337281249999 0.036733698437500004 0.9054428968750001 0.0387629734375 0.9239254499999999 0.051853781249999994 0.924121728125 0.0709791125 0.9084403921875 0.727820834375 1 0.9214958078125 1
0 0.4305036875 0.945811115625 0.48802600781249994 0.9557459703125 0.49049527187499997 0.9396259312499999 0.8752983578125001 0.9915552734374999 0.9378581640625001 0.229518078125 0.574411284375 0.1987655046875 0.5733763953125 0.1899458546875 0.4670173 0.18037889375 0.47167790781249996 0.190964059375 0.1284004734375 0.1621837 0.07084457968749999 0.8841063984374999 0.4375202234375 0.930252065625 0.4305036875 0.945811115625
6 0.4599652777777778 0.9475694444444445 0.08975694444444446 0.0358680555555555
3 0.5215451388888889 0.18269097222222222 0.14909722222222221 0.037384259259259256