5 0.24480902777777777 0.23359375 0.1056597222222222 0.184375
4 0.26104166666666667 0.17109375 0.024166666666666715 0.0328125
4 0.91046875 0.16171875 0.024131944444444286 0.03125
0 0.8518849359375 1 0.8610718671875001 0.982041878125 0.8826841890624999 0.9740660374999999 0.8758317921875 0.9517959703125 0.8665024812500001 0.9379294781249999 0.9795237078125 0.141865528125 0.997040634375 0.13317145625 0.99740773125 0.1166521 0.99510655625 0.11000796406249999 0.9824016140625 0.112665271875 0.9847734265625 0.081288065625 0.973137709375 0.0804731515625 0.9500446390624999 0.10665232656250001 0.913592040625 0.1061183828125 0.197811934375 0.0402113859375 0.1990562 0.025981823437500003 0.1815833265625 0.0040480765625 0.1727502609375 0.0050799796875 0.1701479 0.0350409546875 0.1536243015625 0.035783593749999995 0.15195366562499998 0.0564935640625 0.16677797968750002 0.068863778125 0.09510165937500001 0.8765184421875001 0.08135400312499999 0.8810621812500001 0.0788096109375 0.908673878125 0.09607706875000001 0.9134689359375001 0.09498321562499999 0.9362736437500001 0.111488171875 0.9374295796875 0.1208760203125 0.9184395171874999 0.8336619484375 0.977436778125 0.8498322015625 1 0.8518849359375 1
0 0.9014783265625 0.58088561875 0.907294534375 0.5287979968750001 0.8994621046875 0.5227936343749999 0.9513957328125 0.141389434375 0.1949737375 0.0726693578125 0.1633912484375 0.433850534375 0.1532548375 0.43287583281249997 0.145112634375 0.5341919374999999 0.1531749203125 0.534468621875 0.123544240625 0.87728356875 0.83993208125 0.9413280281249999 0.8889919000000001 0.576504840625 0.9014783265625 0.58088561875
1 0.5412492859375 0.4315907796875 0.5216520124999999 0.43017855312500003 0.5232021578125 0.4338949078125 0.5167010703125 0.4878322375 0.4790098734375 0.482725534375 0.47483769374999996 0.5101790937499999 0.513649925 0.5162127484375 0.5079754875 0.5708313375 0.52352936875 0.5736517375 0.5288529046875 0.5170833171875 0.5683443734375 0.524291009375 0.5712891156250001 0.49402302656249997 0.5338321703125 0.4905711265625 0.5412492859375 0.4315907796875
7 0.5051909722222222 0.46953125 0.022534722222222213 0.0296875
7 0.5351909722222222 0.5609375 0.020972222222222215 0.0296875
7 0.4750694444444445 0.559375 0.021041666666666715 0.0328125
7 0.6622743055555556 0.3265625 0.021041666666666715 0.0328125
7 0.7705902777777778 0.26875 0.024166666666666715 0.0328125
7 0.8872916666666665 0.15 0.024131944444444286 0.03125
7 0.9281076388888888 0.1765625 0.024131944444444286 0.03125
7 0.5547048611111112 0.45625 0.021041666666666715 0.0328125
7 0.33381944444444445 0.86875 0.021041666666666715 0.0328125
2 0.4949305555555556 0.54453125 0.040486111111111 0.0640625
6 0.9048958333333333 0.553125 0.037638888888889 0.0765625
3 0.14538194444444447 0.4890625 0.03736111111111109 0.134375