5 0.579369212962963 0.23828125 0.19496527777777786 0.121875
2 0.5230902777777777 0.48046875 0.0721064814814815 0.0453125
7 0.8878472222222221 0.91171875 0.03645833333333357 0.028125
7 0.8592592592592592 0.94765625 0.03645833333333357 0.028125
7 0.7766782407407408 0.78203125 0.03634259259259256 0.0265625
7 0.7285011574074074 0.66953125 0.03634259259259274 0.0265625
7 0.6063657407407408 0.55 0.034664351851851904 0.025
7 0.5947916666666666 0.49921875 0.0331018518518519 0.025
7 0.5031539351851851 0.5171875 0.036226851851851906 0.025
7 0.5074652777777777 0.459375 0.03298611111111107 0.0234375
7 0.21174768518518522 0.28515625 0.03634259259259256 0.0265625
4 0.39513888888888893 0.58828125 0.03478009259259256 0.0265625
4 0.8744502314814815 0.93125 0.0331018518518519 0.025
1 0.6301246625 0.5225713640625 0.5731807171875001 0.508172490625 0.583380153125 0.472773390625 0.5573163937500001 0.4673622734375 0.550347440625 0.50264021875 0.495305315625 0.4899711046875 0.49246754062500003 0.504597196875 0.5470095734375 0.51785235 0.5388322999999999 0.5542646515625 0.563289921875 0.5605773593750001 0.5715008546875 0.5235930046874999 0.6293170031249999 0.538305678125 0.6301246625 0.5225713640625
0 1 0.20981066249999997 0.22001132031249998 0.053362396874999996 0.1985460046875 0.0325274078125 0.1851676578125 0.029727831249999996 0.182435084375 0.046314532812499996 0.1598900890625 0.042054756250000006 0.1579394515625 0.053693120312499995 0.17861967031249998 0.07159523281249999 0.0725962796875 0.76666935625 0.057189175 0.7720538703125001 0.05818084375 0.7854413953125 0.0705918421875 0.7891359609374999 0.071161175 0.8073406203125 0.084031725 0.80910475 0.1040691265625 0.796164815625 0.88031363125 1 0.9455928296874999 1 0.9257454640624999 0.9780132640625 0.9627417375 0.7185056375000001 1 0.5028527453125 1 0.20981066249999997
0 1 0.23856605156250002 0.6544509265625 0.1670331390625 0.6541137499999999 0.1583380984375 0.5501601968750001 0.1362578515625 0.5539298687499999 0.147104340625 0.21825434531250001 0.077877725 0.10581699375 0.772501640625 0.4631823328125 0.8614155578125 0.4550734703125 0.8756920265625 0.510926934375 0.892260053125 0.5146031109375 0.8768918921875001 0.8893649890624999 0.9736049546875 1 0.3004000671875 1 0.23856605156250002
6 0.48324652777777777 0.88125 0.09241898148148149 0.0453125
3 0.6045138888888889 0.1453125 0.14936342592592594 0.0546875