0 0.7947630625000001 1 0.7879009640625 0.98332090625 0.8734441671875001 0.5642553312499999 0.9458503671875 0.18698389843750002 0.964841884375 0.17546055625 0.9649579484374999 0.1596962265625 0.9490928703125 0.1547679109375 0.9540640937499999 0.12346458906249999 0.9448675484375 0.12174399843749999 0.9207525609375 0.14402885 0.919995775 0.150260265625 0.164667159375 0.047625153125 0.166923703125 0.0314963484375 0.1503039265625 0.0161004640625 0.1431544796875 0.0179944296875 0.13949473750000002 0.045679165625000004 0.12307846250000001 0.044514753125 0.12029601406249998 0.059877728124999995 0.1323308546875 0.071346765625 0.020079365625 0.88643511875 0.0003610359375 0.9066945453124999 0 0.9091309656250001 0 0.9167922531249999 0.016532968749999998 0.9232146 0.0139596796875 0.9501931906250001 0.028515676562499998 0.9477636484374999 0.041452484375 0.927753309375 0.62227296875 1 0.7947630625000001 1
0 0.8447594453124999 0.6249079125 0.8545616828125 0.5691863453125 0.8445295953124999 0.5676910281249999 0.9175632859375 0.18070465156249998 0.1599219640625 0.081541765625 0.10942623437500001 0.4424635796875 0.0978936109375 0.44128785 0.084439775 0.5479561484375 0.09391190625 0.5492500015624999 0.045096303125 0.89245990625 0.7614279859375 0.9809345281249999 0.832508203125 0.6176141234375 0.8447594453124999 0.6249079125
1 0.47355402343749997 0.45971041250000005 0.46250350625000003 0.5159727453125 0.424115521875 0.5082475921875 0.420731859375 0.5319614921875 0.45904761250000004 0.5403090500000001 0.44888868437499996 0.595803509375 0.4635942578125 0.5980813546875 0.47353341406249994 0.5420943515625 0.5115334484375 0.5504808546875 0.515938959375 0.524517996875 0.477196790625 0.516357009375 0.48998273281250004 0.4593628609375 0.47355402343749997 0.45971041250000005
5 0.18488425925925928 0.5235416666666667 0.11643518518518521 0.17423611111111104
7 0.2556365740740741 0.8873090277777778 0.03043981481481479 0.03968750000000014
7 0.41597222222222224 0.58421875 0.02675925925925924 0.03024305555555564
7 0.4761284722222222 0.5855555555555556 0.023819444444444393 0.03329861111111114
7 0.45171875000000006 0.4958333333333334 0.02675925925925924 0.03024305555555564
7 0.501863425925926 0.4813020833333333 0.02694444444444457 0.033368055555555644
7 0.6165335648148148 0.35477430555555556 0.026944444444444392 0.033368055555555644
7 0.7284606481481481 0.30093749999999997 0.026944444444444392 0.033368055555555554
7 0.8542013888888889 0.1856076388888889 0.02694444444444457 0.033368055555555554
7 0.892332175925926 0.21539930555555556 0.02694444444444457 0.033368055555555554
3 0.09119212962962964 0.49407986111111113 0.045185185185185175 0.13052083333333328
6 0.8486458333333333 0.5961805555555555 0.03872685185185176 0.07420138888888879
4 0.5548958333333334 0.6952604166666667 0.025196759259259238 0.030208333333333216
4 0.8753356481481482 0.19859375 0.025289351851851903 0.031770833333333345