7 0.6350578703703704 0.7380208333333333 0.03429398148148142 0.025729166666666713
7 0.486238425925926 0.7740972222222222 0.03420138888888893 0.024166666666666715
7 0.5809953703703703 0.3600347222222222 0.03429398148148159 0.025729166666666713
7 0.4871180555555556 0.33793402777777776 0.03429398148148159 0.025729166666666713
7 0.5936689814814814 0.2778298611111111 0.03585648148148159 0.025763888888888874
7 0.6525405092592592 0.16651041666666666 0.035949074074074085 0.027326388888888876
7 0.7489814814814815 0.0066927083333333335 0.03429398148148142 0.013385416666666667
7 0.1432986111111111 0.8207291666666666 0.03410879629629626 0.022604166666666713
7 0.14748842592592593 0.8026909722222222 0.031076388888888883 0.024097222222222214
7 0.17662615740740742 0.7981423611111111 0.031168981481481506 0.025659722222222216
4 0.27473958333333337 0.801423611111111 0.03429398148148151 0.025729166666666713
5 0.37012731481481487 0.20555555555555555 0.1372800925925926 0.13100694444444444
2 0.44592013888888893 0.3880034722222222 0.06858796296296284 0.05145833333333334
1 0.48195433593750003 0.4044342375 0.4258004203125 0.4141353171875 0.4194716578125 0.3778501640625 0.39449163125000003 0.38137775625 0.3982465 0.419574265625 0.34291004375 0.42988231250000003 0.3443990375 0.4440077203125 0.40016612812499996 0.434187784375 0.40894119843750004 0.47218593281250004 0.4317081046875 0.46841796562500004 0.4274511203125 0.4305385484375 0.4825283671875 0.421209525 0.48195433593750003 0.4044342375
0 0.472671315625 0 0.3497540171875 0.0199283375 0.14052757968750001 0.0577441171875 0 0.0819054390625 0 0.8825478531250001 0.0079473046875 0.8816101828124999 0.028006995312499998 0.8625174140625 0.16735197968749999 0.8452678578124999 0.56539461875 0.7926610640625 0.8355320234375 0.7588353796875 0.8494797015625 0.7720606890624999 0.8622469546874999 0.7707689265625 0.8615819296874999 0.7541308234375 0.8904496406250001 0.7496588796875 0.8891132984375 0.741021459375 0.87390389375 0.7281324859375 0.85847613125 0.7302427812500001 0.8366704140625 0.46381162500000006 0.8267787734375001 0.29197121875 0.8118263046875 0 0.472671315625 0
0 0.6355085171875 0 0.389698115625 0.0406222015625 0.38567295 0.0298374953125 0.33127711249999997 0.0388814390625 0.3322700765625 0.05131466875 0 0.10775139687499999 0 0.5627600562499999 0.0045755890625 0.6119525765625 0.025081318749999998 0.84039415625 0.24868433125 0.81138644375 0.37039113437500004 0.7953952171875 0.368821621875 0.8037335484374999 0.474804828125 0.7892425859375 0.4739383984375 0.7819236421875 0.6595052046875 0.7574591453124999 0.8331561437499999 0.7337061921875 0.8142396156249999 0.51614625625 0.7992240734375 0.2863195125 0.784404859375 0 0.6355085171875 0
3 0.4222569444444444 0.8004861111111111 0.14587962962962955 0.0391319444444445
6 0.36234374999999996 0.03407986111111111 0.11003472222222221 0.03989583333333333