7 0.78203125 0.6453125 0.0203125 0.0296875
7 0.79765625 0.50546875 0.01953125 0.02890625
7 0.42109375 0.61015625 0.02109375 0.028125
7 0.38828125 0.52421875 0.01953125 0.0296875
7 0.3453125 0.62578125 0.01953125 0.03046875
7 0.246875 0.6859375 0.021875 0.03125
7 0.103125 0.78203125 0.02109375 0.028125
7 0.8015625 0.1828125 0.0171875 0.02890625
7 0.78515625 0.18828125 0.01953125 0.02734375
7 0.784375 0.21484375 0.0203125 0.02734375
4 0.7984375 0.30625 0.0203125 0.0296875
5 0.25 0.42109375 0.109375 0.11015625
2 0.43125 0.484375 0.040625 0.05703125
1 0.468740278125 0.4390354171875 0.47133611093749994 0.38667291718749996 0.4578895828125 0.385890625 0.454784028125 0.43787291718750004 0.41845555624999997 0.4360104171875 0.41811111093750003 0.45942812499999997 0.45294999999999996 0.4637697921875 0.45051180625000004 0.5164875 0.4663388890625 0.5163041671874999 0.46855555625 0.4646052078125 0.5046458328125001 0.4669489578125 0.5054791671875 0.4455822921875 0.468740278125 0.4390354171875
0 0.0960298609375 0 0.094797221875 0.0083979171875 0.0774173609375 0.009653125 0.07763888906250001 0.0207291671875 0.0921166671875 0.0399708328125 0.08424236093750001 0.21331666718750003 0.0735888890625 0.4098114578125 0.067515278125 0.5802760421875 0.060227778125 0.7779614578125 0.0590923609375 0.813153125 0.04136180625 0.8263187500000001 0.041271528125 0.8372916671875 0.058125 0.8372760421875001 0.0572236109375 0.8643333328124999 0.06511249999999999 0.8644375 0.0840736109375 0.8504468749999999 0.08389652812500001 0.8409104171875 0.38585277812499996 0.842475 0.54845694375 0.8443333328125 0.8013367078125 0.8532400578124999 0.80118819375 0.8676999999999999 0.8151041671874999 0.8813145828125 0.8233770828125 0.8821895828124999 0.8241465281250001 0.8551104171875 0.8398555562500001 0.8550177078125 0.8395513890625 0.8430708328125001 0.82546944375 0.8306458328125 0.825134028125 0.5775885421875 0.8272375000000001 0.20459479218749999 0.826877778125 0.07406875 0.8424291671875 0.0545677078125 0.8423437500000001 0.0446114578125 0.8262020828125 0.041765625 0.825615971875 0.0187614578125 0.81803194375 0.0187614578125 0.80540069375 0.0390520828125 0.7029423609375 0.032703125 0.514546528125 0.0226677078125 0.114372221875 0.0079333328125 0.1144486109375 0.0007114578125 0.1029166671875 0 0.0960298609375 0
0 0.8015804484375 0.8295084515625 0.8032520828124999 0.6667510421875 0.8041756937500001 0.4928645828125 0.8111541671875001 0.49335833281249997 0.81216875 0.3940239578125 0.804522221875 0.3958427078125 0.8050770828125 0.28179895781250003 0.805747221875 0.072290625 0.588709721875 0.06296874999999999 0.30226319375 0.0497583328125 0.11620555625 0.0412854171875 0.10099513906249999 0.3921833328125 0.089197221875 0.391790625 0.08716736093750001 0.4428427078125 0.0977770828125 0.44613020781249996 0.087821528125 0.7029947921875 0.08217013906250001 0.8153645828125 0.37726805625000004 0.8170520828125 0.5949541671875 0.8212010421875 0.8015804484375 0.8295084515625
3 0.815625 0.44453125 0.0203125 0.13359375
6 0.08828125 0.4203125 0.025 0.09921875