7 0.2813715277777778 0.24391782407407409 0.03614583333333332 0.030254629629629638
7 0.4224131944444444 0.20307870370370368 0.03457175925925924 0.02859953703703706
7 0.40673611111111113 0.6168113425925925 0.03614583333333332 0.030254629629629548
7 0.5037037037037038 0.6350520833333333 0.03614583333333332 0.030254629629629548
7 0.4096875 0.6989814814814815 0.03614583333333332 0.030254629629629548
7 0.37148148148148147 0.8122916666666666 0.0377199074074074 0.031909722222222214
7 0.3079108796296296 0.9803240740740741 0.03614583333333332 0.030254629629629548
7 0.7538483796296296 0.14228587962962963 0.03456018518518533 0.02703703703703706
7 0.7539872685185185 0.16103587962962962 0.03144675925925924 0.028414351851851816
7 0.7259143518518518 0.16640046296296296 0.03302083333333332 0.030069444444444437
4 0.6283043981481481 0.16686342592592593 0.03614583333333332 0.030254629629629638
5 0.6444212962962963 0.7613078703703704 0.1416550925925925 0.1473958333333334
2 0.5345601851851851 0.5837789351851852 0.06760416666666665 0.060231481481481455
1 0.496341925 0.5689296109375 0.550196940625 0.5570149703125 0.5632586109375 0.5927322140625 0.5873633640625 0.588213209375 0.5764958546875001 0.5504956421875 0.629426921875 0.538012634375 0.6253084765625 0.52406845 0.5718591843749999 0.5360851156249999 0.556051865625 0.49876950156250005 0.5341861156250001 0.5034363390625 0.545492096875 0.5408189812499999 0.49263486875 0.55232070625 0.496341925 0.5689296109375
0 1 0.48833023750000004 0.9480336375 0.26725296875 0.9339264296875 0.21864380312499998 0.9021442375 0.11246239375 0.90992411875 0.1051260109375 0.9062309234375 0.08941428125 0.8942202140625 0.091158090625 0.887306703125 0.07475759843749999 0.8770012703125 0.07643605625 0.8606860375000001 0.0961864375 0.72576933125 0.1189870359375 0.3409996515625 0.18742213593749998 0.07951908125 0.2320059140625 0.0632177546875 0.21946361250000002 0.0508022328125 0.221266440625 0.0545738375 0.23773560625 0.026791575 0.2433498921875 0.02973210625 0.25185908125 0.0472213625 0.264016321875 0.0621213359375 0.2612931421875 0.13357749531250002 0.5245628640625 0.1755282125 0.6945348484375 0.24895630624999998 1 0.43657053437500004 1 0.5247399359375 0.981384328125 0.699327740625 0.944754 0.899676196875 0.89870484375 1 0.876598865625 1 0.48833023750000004
0 1 0.5884426359375 0.93078591875 0.34365852812500003 0.8677248499999999 0.1180015890625 0.65147615625 0.1559055921875 0.533810153125 0.17673733125 0.53380636875 0.16840585937500002 0.4314477359375 0.1871071578125 0.4336757734375 0.1943283203125 0.2542854421875 0.22617246406249997 0.086575125 0.2568238703125 0.1460251796875 0.47175685468750006 0.2039025140625 0.6990116609375 0.276420609375 1 0.312781271875 1 0.392977259375 0.9819077843749999 0.6558571 0.9258697953125001 0.6618649375000001 0.9363980312500001 0.7140999578125 0.9252068171875001 0.7107898046875001 0.9129201124999999 1 0.8498414078125001 1 0.5884426359375
3 0.4807638888888889 0.17373842592592592 0.14258101851851848 0.061550925925925926
6 0.6839467592592593 0.9315451388888889 0.10974537037037031 0.05648148148148167