0 0.8564402781249999 0.2770510421875 0.8537048609375001 0.1271052078125 0.8695520828125 0.1082166671875 0.8695520828125 0.0970270828125 0.8533687499999999 0.0960604171875 0.85100555625 0.0706760421875 0.8435423609375 0.0709583328125 0.8310986109374999 0.09305 0.14961249999999998 0.084009375 0.14961249999999998 0.0768479171875 0.13537847187500002 0.060821875000000004 0.128221528125 0.059507292187500005 0.126534028125 0.0839166671875 0.1097576390625 0.08552499999999999 0.10874999999999999 0.0957739578125 0.1238923609375 0.11491562500000001 0.10123680625 0.530490625 0.0877020828125 0.87709375 0.06990694374999999 0.8900135421875 0.069578471875 0.901103125 0.0861895828125 0.9015968750000001 0.086290278125 0.9298104171875 0.0951986109375 0.9309333328125 0.11149236093749999 0.9129333328125 0.11159444375000001 0.9080208328125 0.8351834265625 0.9238269859375 0.83518680625 0.9379687499999999 0.8584986109375 0.9531833328125 0.85934305625 0.9253083328124999 0.8762624999999999 0.9238875 0.8762166671875 0.9083239578125 0.8624166671875001 0.8957427078125001 0.8564402781249999 0.2770510421875
0 0.8351767000000001 0.8956709187499999 0.8350944437500001 0.5513822921875 0.8435854171875 0.5509697921875001 0.8425548609375 0.4503822921875 0.8336201390625 0.451296875 0.8304479171875 0.12701562500000002 0.5510701390625 0.1249697921875 0.1467895828125 0.1153916671875 0.130896528125 0.460875 0.12013541718750001 0.46016562499999997 0.11868402812500001 0.5091010421875 0.12825 0.51095 0.10987777812499999 0.8796614578125 0.5306625 0.8844 0.8351767000000001 0.8956709187499999
3 0.8453125 0.50078125 0.02421875 0.12421875
6 0.11875 0.48515625 0.025 0.0828125
5 0.27734375 0.48125 0.10625 0.1078125
7 0.13125 0.8421875 0.0203125 0.03125
7 0.27265625 0.7453125 0.01953125 0.0296875
7 0.36953125 0.68515625 0.01953125 0.02890625
7 0.4453125 0.66953125 0.01953125 0.0296875
7 0.4125 0.58125 0.01953125 0.028125
7 0.4703125 0.4546875 0.01875 0.02734375
7 0.64765625 0.5234375 0.0203125 0.03046875
7 0.81484375 0.70390625 0.02265625 0.03125
7 0.328125 0.20546875 0.021875 0.03203125
7 0.325 0.16328125 0.01953125 0.02890625
2 0.45546875 0.540625 0.0390625 0.05625
4 0.590625 0.70078125 0.021875 0.02890625
4 0.7078125 0.2609375 0.021875 0.0296875
1 0.49384444375000003 0.4967895828125 0.495321528125 0.44039062500000004 0.4810208328125 0.44039062500000004 0.478665278125 0.4955322921875 0.44210694375 0.49220312499999996 0.4411736109375 0.5152447921875 0.47745 0.5188906249999999 0.47536527812499996 0.57398125 0.4900076390625 0.57380625 0.4923354171875 0.52086875 0.5293972218749999 0.5237395828125 0.530177778125 0.5028760421875 0.49384444375000003 0.4967895828125