0 0.7844929109375001 0 0.381138909375 0.04346385 0.009714690625 0.08930008125 0.001810215625 0.08145973749999999 0.0067371109375000005 0.3031699953125 0.09000386406250001 0.8939534296874999 0.074946040625 0.8964156624999999 0.0719942296875 0.9030963 0.0751250703125 0.9222717890625001 0.09262994375 0.9199558703124999 0.09708662500000001 0.9377384890625 0.113650996875 0.9349838328125 0.124646728125 0.9180909984375001 0.7824011515625 0.8041591625000001 0.9415902984375 0.7751752640625 0.964460365625 0.788778440625 0.9763752374999999 0.7868330625 0.9745888828125 0.7694197734375 1 0.7628027109375 1 0.756520109375 0.999608384375 0.7545844625 0.9739197296875 0.7451649671875 0.8649770437500001 0.0173903203125 0.872602696875 0.01614525625 0.8857211453125 0 0.7844929109375001 0
0 0.46042729375 0.06296664375 0.45931035937500003 0.051376096875 0.406950509375 0.058337189062499996 0.40664605312499996 0.0688523015625 0.0108388140625 0.1133772796875 0.07900394375 0.56259626875 0.11998378750000001 0.8890511578125 0.4865743203125 0.8291068390625 0.488490871875 0.8380832437500001 0.5954189828125 0.8194973203125 0.5928905984374999 0.810135340625 0.937639296875 0.7503767046875 0.89120980625 0.45231143906250004 0.8310694562500001 0.019838173437500002 0.46042729375 0.06296664375
3 0.5413888888888889 0.8313541666666666 0.13850694444444436 0.04836805555555586
6 0.43189236111111107 0.05449652777777778 0.09309027777777779 0.0426736111111111
5 0.4645486111111111 0.22260416666666666 0.13416666666666668 0.13416666666666668
7 0.054461805555555555 0.12932291666666668 0.03809027777777778 0.02739583333333333
7 0.18171875 0.26328125 0.0349652777777778 0.027326388888888876
7 0.26274305555555555 0.3568402777777778 0.03496527777777771 0.027326388888888963
7 0.2933854166666666 0.4343229166666667 0.03496527777777771 0.027326388888888786
7 0.38059027777777776 0.3839236111111111 0.0349652777777778 0.027326388888888876
7 0.5260763888888889 0.42368055555555556 0.033368055555555644 0.025729166666666713
7 0.4836458333333333 0.6247222222222222 0.036527777777777715 0.027361111111111214
7 0.32100694444444444 0.8331250000000001 0.03815972222222221 0.030520833333333285
7 0.76640625 0.22918402777777777 0.038124999999999964 0.028958333333333374
7 0.8114756944444445 0.21723958333333332 0.03496527777777771 0.027326388888888876
2 0.43225694444444446 0.4226388888888889 0.06517361111111111 0.05142361111111118
4 0.28522569444444446 0.5947395833333333 0.03503472222222222 0.030451388888888785
4 0.7740451388888889 0.64328125 0.03500000000000014 0.028888888888888787
1 0.46282162812500005 0.49854496875 0.48517331406249997 0.49574948750000003 0.4853327828125 0.4559739171875 0.54564441875 0.44774262187499997 0.5431562921875 0.4325035640625 0.4840306015625 0.43958016093749996 0.48121490624999996 0.40004419843749994 0.4565173296875 0.4030555546875 0.45894677812499995 0.44234612812499996 0.39992255625 0.4497024515625 0.40265647031249996 0.46527516875 0.45943029375 0.4585521828125 0.46282162812500005 0.49854496875