0 0.9091707687499999 0.8790039546875 0.9378554234375001 0.8759031531250001 0.9385181953125 0.8667868015625 0.9193378593749999 0.8522443015625001 0.9143368953125 0.852663403125 0.8914937078125 0.12019327500000002 0.9058741484375 0.118686590625 0.9200919437499999 0.0935254796875 0.891700715625 0.0956357484375 0.889345915625 0.07869896093749999 0.873521971875 0.0803996578125 0.86147041875 0.095674378125 0.2326504390625 0.16747725 0.080319128125 0.18617915000000002 0.060259259375 0.172182075 0.0488806828125 0.1733715296875 0.0487680671875 0.18981867187499998 0.023082046875 0.194903746875 0.02377049375 0.2024112046875 0.04690454375 0.21263044375 0.0743631359375 0.9018595296875 0.067080721875 0.90262079375 0.0515495375 0.9187000453125 0.050597667187499994 0.926067953125 0.0755100765625 0.9251775265625 0.07804784687500001 0.9419499046875 0.08852410625 0.9418781046875001 0.1071746828125 0.9245502890624999 0.5309872390625 0.903255628125 0.8841724390625 0.8800810859375 0.8982675109375 0.8966799421875 0.9095620656250001 0.8958328578125 0.9091707687499999 0.8790039546875
0 0.094424046875 0.49205260156249997 0.1064273 0.901374596875 0.4586006328125 0.8807008921874999 0.458458034375 0.8916445015625 0.5082980312500001 0.8879084921875 0.5096637375 0.878050778125 0.8855908546875 0.8574117593749999 0.8677786453125 0.43193580000000004 0.8628624453124999 0.12319306249999999 0.5127631890625 0.1598740625 0.5118870578125 0.1513424390625 0.409656053125 0.16307571406250002 0.4110666140625 0.1720021328125 0.0814788453125 0.2096770625 0.094424046875 0.49205260156249997
3 0.46146990740740745 0.15546875 0.12850694444444458 0.0375
6 0.4835069444444445 0.890625 0.0877199074074074 0.034375
5 0.47149884259259256 0.73046875 0.12655092592592593 0.1203125
7 0.8463368055555556 0.8390625 0.03410879629629626 0.025
7 0.7406828703703703 0.70703125 0.033946759259259274 0.021875
7 0.6735474537037037 0.615625 0.03238425925925927 0.021875
7 0.6539583333333333 0.54140625 0.03402777777777786 0.0234375
7 0.5666145833333334 0.58359375 0.030821759259259274 0.021875
7 0.43458912037037034 0.53828125 0.030821759259259274 0.021875
7 0.4942708333333334 0.3515625 0.03402777777777786 0.0234375
7 0.6680150462962964 0.16484375 0.03410879629629626 0.025
7 0.1882986111111111 0.7078125 0.034108796296296304 0.025
7 0.14566550925925928 0.71640625 0.032465277777777767 0.0234375
2 0.5217650462962963 0.54453125 0.06172453703703695 0.0453125
4 0.6774016203703704 0.390625 0.03254629629629626 0.025
4 0.22409722222222223 0.31875 0.03254629629629626 0.025
1 0.5541254640625 0.506011403125 0.500168653125 0.5092877234375 0.5010947031249999 0.47155191875 0.479836796875 0.4729813921875 0.475601628125 0.510323296875 0.41817064843749996 0.51482673125 0.41893977187500003 0.529269740625 0.47513947187500005 0.525787171875 0.47372026875 0.5630632140625 0.49720130625000003 0.5615565046875 0.4989576890625 0.5245315500000001 0.5550909203125001 0.520780878125 0.5541254640625 0.506011403125