2 0.6859375 0.7046875 0.01875 0.03828125
4 0.57265625 0.6359375 0.01953125 0.034375
4 0.38125 0.834375 0.021875 0.0375
4 0.72578125 0.3078125 0.01875 0.0359375
4 0.32578125 0.46796875 0.01953125 0.03203125
4 0.5765625 0.55859375 0.0203125 0.034375
4 0.33203125 0.52109375 0.0171875 0.0390625
4 0.346875 0.56328125 0.01953125 0.03359375
4 0.7625 0.64453125 0.01953125 0.0375
4 0.71953125 0.1390625 0.0203125 0.0328125
1 0.69921875 0.47421875 0.040625 0.05703125
0 0.484375 0.49296875 0.07421875 0.1296875
3 0.55078125 0.28125 0.04140625 0.0765625