2 0.6859375 0.7046875 0.01875 0.03828125
4 0.21015625 0.4125 0.01953125 0.04140625
4 0.3265625 0.71875 0.021875 0.0375
4 0.725 0.303125 0.01875 0.0359375
4 0.2109375 0.7953125 0.02109375 0.03828125
4 0.4015625 0.30625 0.021875 0.03828125
4 0.33359375 0.51328125 0.0171875 0.0390625
4 0.26171875 0.278125 0.01953125 0.03359375
4 0.2359375 0.7359375 0.01953125 0.040625
4 0.71953125 0.13671875 0.0203125 0.0375
1 0.50390625 0.45390625 0.03125 0.06171875
0 0.48359375 0.4921875 0.07109375 0.13125
3 0.6171875 0.65 0.04609375 0.078125