2 0.6859375 0.70625 0.01875 0.03515625
4 0.5734375 0.63671875 0.01796875 0.0359375
4 0.38203125 0.834375 0.0203125 0.0375
4 0.725 0.309375 0.0203125 0.0359375
4 0.32578125 0.4671875 0.01953125 0.03359375
4 0.5765625 0.55703125 0.02109375 0.034375
4 0.3328125 0.51953125 0.01875 0.0359375
4 0.34453125 0.56328125 0.01953125 0.03359375
4 0.76328125 0.64453125 0.01953125 0.0375
4 0.71953125 0.13984375 0.0203125 0.0375
1 0.7015625 0.484375 0.0390625 0.05703125
0 0.484375 0.49296875 0.075 0.13671875
3 0.55078125 0.28046875 0.04296875 0.07578125