2 0.30859375 0.428125 0.01875 0.03828125
4 0.2453125 0.45546875 0.01953125 0.0359375
4 0.27265625 0.540625 0.021875 0.0375
4 0.43203125 0.66640625 0.01875 0.0359375
4 0.6609375 0.47578125 0.02109375 0.03828125
4 0.7640625 0.40234375 0.021875 0.03828125
4 0.7203125 0.1328125 0.0171875 0.0328125
4 0.75703125 0.11640625 0.01953125 0.03359375
4 0.2234375 0.32421875 0.01953125 0.0359375
4 0.56015625 0.146875 0.0203125 0.0375
1 0.50546875 0.53046875 0.03515625 0.05703125
0 0.4859375 0.4984375 0.07578125 0.1328125