2 0.6859375 0.7046875 0.01875 0.03828125
4 0.3265625 0.46875 0.01953125 0.04140625
4 0.34609375 0.5640625 0.0203125 0.0359375
4 0.72578125 0.3078125 0.01875 0.0359375
4 0.5734375 0.6359375 0.01953125 0.03671875
4 0.57578125 0.559375 0.0203125 0.03515625
4 0.33359375 0.51796875 0.0171875 0.0390625
4 0.7625 0.64375 0.01953125 0.03359375
4 0.38203125 0.83671875 0.01953125 0.040625
4 0.7203125 0.1390625 0.01875 0.0328125
1 0.70078125 0.471875 0.0421875 0.05
0 0.48359375 0.4921875 0.0765625 0.13515625
3 0.55078125 0.28203125 0.0453125 0.078125