2 0.31015625 0.4296875 0.01875 0.03828125
4 0.22421875 0.32421875 0.01953125 0.0390625
4 0.4328125 0.6640625 0.021875 0.0375
4 0.2734375 0.54140625 0.01875 0.0359375
4 0.5765625 0.765625 0.02109375 0.03828125
4 0.65546875 0.3390625 0.021875 0.03828125
4 0.66171875 0.47890625 0.0171875 0.034375
4 0.7203125 0.13125 0.01953125 0.03359375
4 0.24609375 0.45625 0.01953125 0.034375
4 0.56015625 0.146875 0.0203125 0.0375
1 0.50546875 0.53359375 0.0390625 0.05703125
3 0.6015625 0.50703125 0.0421875 0.071875
0 0.4859375 0.49921875 0.07578125 0.13125