2 0.53125 0.26484375 0.0171875 0.03203125
4 0.24765625 0.84296875 0.01953125 0.028125
4 0.55 0.73515625 0.02109375 0.034375
4 0.77109375 0.846875 0.01875 0.0359375
4 0.21640625 0.8453125 0.02109375 0.03828125
4 0.415625 0.16015625 0.021875 0.03515625
4 0.60078125 0.278125 0.01875 0.0359375
4 0.30546875 0.76484375 0.01953125 0.03359375
4 0.2546875 0.81796875 0.0203125 0.03125
4 0.71953125 0.13984375 0.0203125 0.0375
1 0.49765625 0.43046875 0.03125 0.06171875
0 0.48046875 0.46953125 0.07578125 0.1359375