2 0.421875 0.55 0.01796875 0.03359375
4 0.21015625 0.415625 0.01953125 0.0359375
4 0.32578125 0.72265625 0.0203125 0.0359375
4 0.7640625 0.73984375 0.0203125 0.0390625
4 0.20625 0.80234375 0.02109375 0.03828125
4 0.71796875 0.171875 0.01953125 0.03828125
4 0.38046875 0.46328125 0.0171875 0.0390625
4 0.26171875 0.278125 0.01953125 0.03359375
4 0.3859375 0.52734375 0.01953125 0.0375
4 0.71953125 0.1390625 0.01875 0.0359375
1 0.50390625 0.45390625 0.03125 0.06171875
0 0.484375 0.4921875 0.07578125 0.13828125
3 0.33046875 0.45390625 0.03125 0.06015625