2 0.234375 0.69453125 0.01875 0.03828125
4 0.5734375 0.6359375 0.0203125 0.0375
4 0.38125 0.834375 0.021875 0.0375
4 0.725 0.3078125 0.01875 0.0359375
4 0.32578125 0.46953125 0.01953125 0.03515625
4 0.57578125 0.55859375 0.0203125 0.03671875
4 0.33359375 0.52109375 0.01953125 0.0390625
4 0.3453125 0.56328125 0.01953125 0.03359375
4 0.525 0.7703125 0.01953125 0.0375
4 0.71953125 0.13828125 0.0203125 0.0375
1 0.70078125 0.47265625 0.0390625 0.0546875
3 0.55078125 0.28125 0.04140625 0.075
0 0.484375 0.4921875 0.07421875 0.13828125