2 0.62890625 0.46953125 0.01875 0.03828125
4 0.303125 0.6109375 0.01953125 0.04140625
4 0.45078125 0.70234375 0.021875 0.0375
4 0.48515625 0.63359375 0.01875 0.0359375
4 0.6921875 0.69140625 0.02109375 0.03828125
4 0.72734375 0.51953125 0.021875 0.03828125
4 0.5640625 0.3546875 0.0171875 0.0390625
4 0.63203125 0.29140625 0.01953125 0.03359375
4 0.36015625 0.2359375 0.01953125 0.040625
4 0.44140625 0.1859375 0.0203125 0.0375
1 0.5125 0.3171875 0.0296875 0.06640625
0 0.48359375 0.49296875 0.07265625 0.13125
3 0.3296875 0.4546875 0.034375 0.05703125