2 0.42265625 0.54921875 0.01875 0.03828125
4 0.21015625 0.415625 0.01953125 0.0359375
4 0.32421875 0.709375 0.01875 0.034375
4 0.71640625 0.17265625 0.01875 0.0359375
4 0.21171875 0.80390625 0.02109375 0.03828125
4 0.3859375 0.5265625 0.02109375 0.034375
4 0.38046875 0.46484375 0.0171875 0.0390625
4 0.2609375 0.278125 0.01953125 0.03359375
4 0.76328125 0.73984375 0.01953125 0.0359375
4 0.71953125 0.1390625 0.0203125 0.0328125
1 0.50390625 0.453125 0.03125 0.06328125
3 0.33046875 0.4546875 0.0359375 0.05703125
0 0.484375 0.490625 0.0765625 0.12890625