2 0.71328125 0.69609375 0.01875 0.03828125
4 0.303125 0.6109375 0.01953125 0.04140625
4 0.45078125 0.70234375 0.021875 0.0375
4 0.21484375 0.83046875 0.01875 0.0359375
4 0.7671875 0.5390625 0.02109375 0.03828125
4 0.71953125 0.171875 0.021875 0.03828125
4 0.38046875 0.46328125 0.0171875 0.0390625
4 0.26171875 0.278125 0.01953125 0.03359375
4 0.36015625 0.2359375 0.01953125 0.040625
4 0.44140625 0.1859375 0.0203125 0.0375
1 0.51328125 0.31484375 0.03125 0.0703125
0 0.484375 0.49375 0.0734375 0.13359375
3 0.3296875 0.4546875 0.03359375 0.05703125