2 0.31015625 0.43125 0.01875 0.03828125
4 0.2453125 0.45546875 0.01953125 0.0359375
4 0.27265625 0.540625 0.021875 0.0375
4 0.43203125 0.66640625 0.01875 0.0359375
4 0.6609375 0.47578125 0.02109375 0.03828125
4 0.65546875 0.340625 0.021875 0.03828125
4 0.7203125 0.1328125 0.0171875 0.0328125
4 0.57734375 0.76640625 0.01953125 0.03359375
4 0.2234375 0.32421875 0.01953125 0.0359375
4 0.56015625 0.1484375 0.0203125 0.0375
1 0.50546875 0.5328125 0.0390625 0.05625
0 0.48515625 0.5 0.07421875 0.13359375
3 0.36484375 0.5984375 0.03359375 0.06328125