2 0.6859375 0.7046875 0.01875 0.03828125
4 0.57265625 0.6359375 0.01953125 0.0375
4 0.38125 0.834375 0.021875 0.0375
4 0.72421875 0.309375 0.01875 0.0359375
4 0.32578125 0.4671875 0.01875 0.03359375
4 0.57578125 0.5578125 0.0203125 0.03515625
4 0.33359375 0.52109375 0.0203125 0.0390625
4 0.34609375 0.5625 0.01953125 0.03515625
4 0.76328125 0.64453125 0.01953125 0.0375
4 0.71953125 0.1390625 0.0203125 0.0359375
1 0.7015625 0.4890625 0.040625 0.0515625
3 0.5515625 0.28046875 0.040625 0.0671875
0 0.484375 0.490625 0.075 0.12890625