2 0.22890625 0.65859375 0.01875 0.03828125
4 0.5734375 0.6359375 0.01796875 0.0375
4 0.38203125 0.834375 0.01953125 0.0375
4 0.72421875 0.309375 0.01953125 0.0359375
4 0.32578125 0.46953125 0.01953125 0.03515625
4 0.5765625 0.5578125 0.02109375 0.03515625
4 0.33359375 0.52109375 0.01953125 0.0359375
4 0.34453125 0.56328125 0.01953125 0.03359375
4 0.52734375 0.765625 0.01953125 0.040625
4 0.71953125 0.1390625 0.0203125 0.0359375
1 0.7015625 0.471875 0.0390625 0.053125
0 0.48359375 0.49296875 0.07421875 0.13359375
3 0.55078125 0.28046875 0.0421875 0.07265625