2 0.30859375 0.4296875 0.01875 0.03828125
4 0.271875 0.540625 0.01953125 0.034375
4 0.43203125 0.6640625 0.021875 0.0375
4 0.24609375 0.45546875 0.01875 0.0359375
4 0.57890625 0.7671875 0.02109375 0.03828125
4 0.66015625 0.478125 0.021875 0.03828125
4 0.65546875 0.340625 0.0171875 0.03125
4 0.72109375 0.1328125 0.01953125 0.03359375
4 0.22421875 0.32421875 0.01953125 0.0328125
4 0.5609375 0.1484375 0.0203125 0.0375
1 0.5046875 0.53125 0.0390625 0.05859375
0 0.4859375 0.5 0.07578125 0.13359375
3 0.36796875 0.62734375 0.03828125 0.06796875