2 0.6859375 0.70546875 0.01875 0.03359375
4 0.2328125 0.73515625 0.01796875 0.0375
4 0.3265625 0.72109375 0.021875 0.0359375
4 0.72421875 0.31171875 0.01875 0.034375
4 0.21015625 0.415625 0.01953125 0.03671875
4 0.40234375 0.30390625 0.021875 0.03671875
4 0.33359375 0.51171875 0.0171875 0.0359375
4 0.26015625 0.278125 0.01953125 0.03359375
4 0.21171875 0.7953125 0.01953125 0.0375
4 0.7203125 0.14140625 0.0203125 0.0375
1 0.50390625 0.453125 0.03203125 0.06015625
0 0.484375 0.4921875 0.07578125 0.13828125
3 0.61796875 0.6484375 0.04296875 0.07109375