2 0.240625 0.69453125 0.01875 0.03828125
4 0.57265625 0.63828125 0.01953125 0.04140625
4 0.38203125 0.834375 0.021875 0.034375
4 0.725 0.309375 0.01875 0.0359375
4 0.3265625 0.46796875 0.02109375 0.03828125
4 0.5765625 0.559375 0.021875 0.03828125
4 0.33359375 0.52109375 0.0203125 0.0390625
4 0.3453125 0.56328125 0.01953125 0.03359375
4 0.525 0.7703125 0.01953125 0.040625
4 0.7203125 0.13984375 0.0203125 0.0375
1 0.7 0.471875 0.03984375 0.053125
0 0.484375 0.49296875 0.075 0.13671875
3 0.55078125 0.28203125 0.0421875 0.078125