2 0.6859375 0.70625 0.01953125 0.03515625
4 0.5734375 0.63671875 0.01796875 0.0390625
4 0.38125 0.834375 0.021875 0.0375
4 0.725 0.309375 0.01875 0.0359375
4 0.3265625 0.46796875 0.01875 0.03515625
4 0.57578125 0.5578125 0.0203125 0.03515625
4 0.33359375 0.5203125 0.01875 0.034375
4 0.34453125 0.56328125 0.01953125 0.03359375
4 0.76328125 0.64453125 0.01953125 0.0375
4 0.7203125 0.13984375 0.0203125 0.0375
1 0.70078125 0.471875 0.0390625 0.053125
3 0.55078125 0.28046875 0.0453125 0.075
0 0.48359375 0.49296875 0.075 0.1359375