2 0.3109375 0.4296875 0.01875 0.03203125
4 0.27421875 0.5390625 0.01796875 0.0328125
4 0.43359375 0.66484375 0.01796875 0.0296875
4 0.578125 0.76640625 0.02109375 0.0390625
4 0.6609375 0.47734375 0.02109375 0.03359375
4 0.65625 0.340625 0.02109375 0.03515625
4 0.56015625 0.14765625 0.0171875 0.0328125
4 0.7203125 0.13125 0.01953125 0.03359375
4 0.246875 0.45546875 0.0203125 0.0359375
4 0.22421875 0.32265625 0.02109375 0.0359375
1 0.5046875 0.53203125 0.0390625 0.05703125
0 0.4859375 0.49921875 0.07578125 0.1359375
3 0.3375 0.64140625 0.03984375 0.07734375