2 0.31015625 0.43125 0.01875 0.03828125
4 0.2734375 0.53984375 0.01953125 0.04140625
4 0.4328125 0.6671875 0.021875 0.0375
4 0.57890625 0.76640625 0.01875 0.0359375
4 0.6609375 0.478125 0.02109375 0.03828125
4 0.7203125 0.13203125 0.021875 0.03828125
4 0.559375 0.1484375 0.0171875 0.034375
4 0.65625 0.340625 0.02109375 0.03515625
4 0.2453125 0.45703125 0.01953125 0.0328125
4 0.22421875 0.3234375 0.0203125 0.0375
1 0.5046875 0.53203125 0.03828125 0.0546875
3 0.5875 0.5984375 0.04140625 0.07109375
0 0.48515625 0.4984375 0.075 0.13515625