2 0.6859375 0.7046875 0.01875 0.03828125
4 0.21015625 0.4140625 0.01953125 0.0390625
4 0.3265625 0.71953125 0.021875 0.0359375
4 0.72109375 0.3015625 0.01875 0.0359375
4 0.2140625 0.79609375 0.01953125 0.03671875
4 0.40234375 0.3046875 0.02109375 0.03515625
4 0.33359375 0.51171875 0.0171875 0.0359375
4 0.26171875 0.2796875 0.0203125 0.03671875
4 0.22578125 0.73125 0.0203125 0.0359375
4 0.71953125 0.13984375 0.0203125 0.03984375
1 0.50390625 0.45390625 0.03125 0.06171875
3 0.6171875 0.64921875 0.04296875 0.0796875
0 0.4828125 0.4921875 0.07421875 0.13515625