2 0.309375 0.43046875 0.01796875 0.03046875
4 0.6609375 0.47734375 0.01953125 0.0375
4 0.578125 0.765625 0.021875 0.0375
4 0.65546875 0.34140625 0.01875 0.0359375
4 0.2734375 0.53984375 0.01953125 0.03671875
4 0.559375 0.1484375 0.02109375 0.03671875
4 0.22421875 0.32421875 0.01875 0.0359375
4 0.24609375 0.45546875 0.01953125 0.03359375
4 0.4328125 0.6640625 0.01953125 0.040625
4 0.71875 0.13203125 0.0203125 0.0375
1 0.50546875 0.53203125 0.03828125 0.0546875
0 0.48515625 0.5 0.0765625 0.13671875
3 0.3671875 0.625 0.03359375 0.0609375