2 0.309375 0.43046875 0.01875 0.03046875
4 0.6609375 0.4796875 0.01953125 0.04140625
4 0.578125 0.765625 0.021875 0.0375
4 0.65546875 0.340625 0.01875 0.0359375
4 0.2734375 0.5390625 0.02109375 0.03828125
4 0.56015625 0.14765625 0.021875 0.03828125
4 0.22421875 0.32265625 0.02109375 0.0390625
4 0.24609375 0.45546875 0.01953125 0.03359375
4 0.4328125 0.6640625 0.01953125 0.040625
4 0.71953125 0.13203125 0.0203125 0.0375
1 0.50625 0.5328125 0.0359375 0.053125
3 0.36796875 0.590625 0.0390625 0.0703125
0 0.4859375 0.49765625 0.07578125 0.134375