2 0.309375 0.428125 0.01875 0.03828125
4 0.27265625 0.54140625 0.01953125 0.04140625
4 0.43203125 0.665625 0.021875 0.0375
4 0.57734375 0.765625 0.01875 0.0359375
4 0.66015625 0.4765625 0.02109375 0.03828125
4 0.7203125 0.13203125 0.021875 0.03828125
4 0.559375 0.1484375 0.0171875 0.03125
4 0.65546875 0.33984375 0.01953125 0.03359375
4 0.22421875 0.3234375 0.01953125 0.034375
4 0.2453125 0.45546875 0.01875 0.03125
1 0.50546875 0.53203125 0.03515625 0.0546875
3 0.64140625 0.67578125 0.03984375 0.071875
0 0.48515625 0.49921875 0.07421875 0.13125