2 0.69453125 0.740625 0.01875 0.03828125
4 0.21015625 0.41484375 0.01953125 0.0375
4 0.3265625 0.7203125 0.02109375 0.0375
4 0.77421875 0.83203125 0.01875 0.0359375
4 0.2078125 0.80078125 0.0203125 0.03671875
4 0.3296875 0.5109375 0.021875 0.03828125
4 0.403125 0.30625 0.0171875 0.0390625
4 0.26171875 0.278125 0.01953125 0.03359375
4 0.75859375 0.78203125 0.01953125 0.040625
4 0.72109375 0.140625 0.02109375 0.0390625
1 0.50390625 0.4546875 0.03125 0.06015625
0 0.48359375 0.49296875 0.07421875 0.1296875
3 0.60703125 0.29375 0.034375 0.0546875