2 0.23671875 0.71015625 0.01875 0.03671875
4 0.5734375 0.6359375 0.02109375 0.0375
4 0.38125 0.834375 0.021875 0.0375
4 0.72421875 0.309375 0.01953125 0.0359375
4 0.32578125 0.46953125 0.01953125 0.03515625
4 0.57578125 0.5578125 0.0203125 0.03515625
4 0.33359375 0.52109375 0.01953125 0.0390625
4 0.34453125 0.56328125 0.01953125 0.03359375
4 0.525 0.76953125 0.01953125 0.0390625
4 0.71953125 0.13984375 0.0203125 0.0375
1 0.7 0.47265625 0.03984375 0.0546875
3 0.55078125 0.28046875 0.04296875 0.07578125
0 0.48359375 0.4921875 0.075 0.13125