2 0.428125 0.55859375 0.01875 0.03828125
4 0.21015625 0.4125 0.01953125 0.04140625
4 0.325 0.73671875 0.021875 0.0375
4 0.76328125 0.73828125 0.01875 0.0359375
4 0.2140625 0.79375 0.02109375 0.03828125
4 0.71953125 0.171875 0.021875 0.03828125
4 0.38046875 0.46328125 0.0171875 0.0390625
4 0.26171875 0.278125 0.01953125 0.03359375
4 0.3859375 0.52578125 0.01953125 0.040625
4 0.71875 0.13359375 0.0203125 0.0375
1 0.50390625 0.45 0.03125 0.0703125
0 0.48515625 0.49140625 0.0734375 0.1328125
3 0.33046875 0.45625 0.0375 0.059375