2 0.6859375 0.703125 0.01875 0.03515625
4 0.21015625 0.41484375 0.01953125 0.0375
4 0.3265625 0.71953125 0.021875 0.0359375
4 0.71796875 0.29609375 0.01875 0.0328125
4 0.2140625 0.796875 0.01953125 0.03515625
4 0.40234375 0.3046875 0.0203125 0.03515625
4 0.33359375 0.5109375 0.0171875 0.034375
4 0.2609375 0.278125 0.01796875 0.03359375
4 0.22578125 0.74375 0.01953125 0.040625
4 0.7203125 0.1390625 0.01953125 0.0328125
1 0.50390625 0.453125 0.03125 0.06328125
3 0.61796875 0.65 0.04609375 0.07421875
0 0.48515625 0.49296875 0.0765625 0.13671875