2 0.42421875 0.54921875 0.01875 0.03828125
4 0.21015625 0.41484375 0.01953125 0.0375
4 0.325 0.7203125 0.02109375 0.0375
4 0.76328125 0.73828125 0.01875 0.0359375
4 0.2078125 0.8 0.02109375 0.03828125
4 0.71953125 0.171875 0.021875 0.03828125
4 0.38046875 0.465625 0.0171875 0.034375
4 0.2609375 0.278125 0.01796875 0.03359375
4 0.3859375 0.52578125 0.01953125 0.0375
4 0.71875 0.13359375 0.0203125 0.0375
1 0.50390625 0.45 0.03125 0.0703125
0 0.48515625 0.49140625 0.0765625 0.1328125
3 0.33046875 0.45390625 0.03359375 0.05234375