2 0.7125 0.69609375 0.01875 0.03828125
4 0.21015625 0.415625 0.01953125 0.0359375
4 0.45 0.70078125 0.021875 0.0375
4 0.76484375 0.73984375 0.02109375 0.0390625
4 0.765625 0.53515625 0.0203125 0.03671875
4 0.71796875 0.17265625 0.01953125 0.03671875
4 0.38046875 0.46484375 0.0171875 0.0328125
4 0.26171875 0.278125 0.01953125 0.03359375
4 0.3859375 0.52578125 0.01953125 0.034375
4 0.72109375 0.1390625 0.0203125 0.0328125
1 0.5046875 0.45390625 0.0328125 0.06171875
3 0.33125 0.453125 0.03359375 0.05390625
0 0.48515625 0.490625 0.07421875 0.134375