2 0.23671875 0.69453125 0.01875 0.03828125
4 0.57265625 0.6359375 0.01953125 0.0375
4 0.38125 0.83359375 0.01875 0.0328125
4 0.72421875 0.309375 0.01953125 0.0359375
4 0.3265625 0.46796875 0.02109375 0.03828125
4 0.5765625 0.55859375 0.02109375 0.03671875
4 0.33359375 0.52109375 0.01953125 0.0390625
4 0.34375 0.56328125 0.01953125 0.03359375
4 0.525 0.76953125 0.01953125 0.0359375
4 0.7203125 0.13984375 0.01953125 0.034375
1 0.7 0.47265625 0.03984375 0.0546875
0 0.484375 0.4921875 0.075 0.13828125
3 0.5515625 0.2796875 0.0421875 0.07109375