2 0.68515625 0.7046875 0.01875 0.03515625
4 0.21015625 0.41484375 0.01953125 0.0375
4 0.3265625 0.71953125 0.02109375 0.0359375
4 0.72734375 0.31328125 0.01875 0.0359375
4 0.21015625 0.7984375 0.01953125 0.03515625
4 0.40234375 0.30546875 0.02109375 0.03671875
4 0.33359375 0.51171875 0.0171875 0.0359375
4 0.26171875 0.278125 0.01953125 0.03359375
4 0.2296875 0.72265625 0.01953125 0.040625
4 0.71953125 0.13828125 0.0203125 0.034375
1 0.50390625 0.453125 0.03125 0.06484375
3 0.61875 0.6484375 0.0421875 0.07109375
0 0.48515625 0.4921875 0.0765625 0.13828125